"model_name","variable_name","decomp_group","Date","value","value_tails"
"impulse_pna_glass_500_620ml_1pack","actuals","actuals",2023-02-19,108173.5326,108173.5326
"impulse_pna_glass_500_620ml_1pack","actuals","actuals",2023-09-10,125675.4788,125675.4788
"impulse_pna_glass_500_620ml_1pack","actuals","actuals",2023-03-05,106262.7273,106262.7273
"impulse_pna_glass_500_620ml_1pack","actuals","actuals",2023-02-26,108028.0106,108028.0106
"impulse_pna_glass_500_620ml_1pack","actuals","actuals",2023-02-12,110308.2582,110308.2582
"impulse_pna_glass_500_620ml_1pack","actuals","actuals",2023-09-24,114025.7871,114025.7871
"impulse_pna_glass_500_620ml_1pack","actuals","actuals",2023-09-17,110241.5749,110241.5749
"impulse_pna_glass_500_620ml_1pack","actuals","actuals",2021-09-19,174180.2439,174180.2439
"impulse_pna_glass_500_620ml_1pack","actuals","actuals",2021-02-07,150916.0114,150916.0114
"impulse_pna_glass_500_620ml_1pack","actuals","actuals",2022-11-20,116013.8539,116013.8539
"impulse_pna_glass_500_620ml_1pack","actuals","actuals",2022-07-24,143087.1152,143087.1152
"impulse_pna_glass_500_620ml_1pack","actuals","actuals",2021-12-12,132217.9443,132217.9443
"impulse_pna_glass_500_620ml_1pack","actuals","actuals",2023-10-08,113693.9164,113693.9164
"impulse_pna_glass_500_620ml_1pack","actuals","actuals",2022-10-30,115934.8273,115934.8273
"impulse_pna_glass_500_620ml_1pack","actuals","actuals",2022-01-09,108331.2883,108331.2883
"impulse_pna_glass_500_620ml_1pack","actuals","actuals",2021-08-29,175973.3546,175973.3546
"impulse_pna_glass_500_620ml_1pack","actuals","actuals",2021-02-21,173913.5519,173913.5519
"impulse_pna_glass_500_620ml_1pack","actuals","actuals",2022-11-13,115967.8505,115967.8505
"impulse_pna_glass_500_620ml_1pack","actuals","actuals",2022-08-07,165629.3239,165629.3239
"impulse_pna_glass_500_620ml_1pack","actuals","actuals",2021-12-26,107645.8824,107645.8824
"impulse_pna_glass_500_620ml_1pack","actuals","actuals",2023-03-12,106456.1019,106456.1019
"impulse_pna_glass_500_620ml_1pack","actuals","actuals",2023-06-11,146996.9396,146996.9396
"impulse_pna_glass_500_620ml_1pack","actuals","actuals",2021-12-19,120448.7086,120448.7086
"impulse_pna_glass_500_620ml_1pack","actuals","actuals",2021-09-12,170054.2323,170054.2323
"impulse_pna_glass_500_620ml_1pack","actuals","actuals",2021-01-31,157015.3068,157015.3068
"impulse_pna_glass_500_620ml_1pack","actuals","actuals",2022-11-27,115610.8985,115610.8985
"impulse_pna_glass_500_620ml_1pack","actuals","actuals",2023-05-28,142989.0578,142989.0578
"impulse_pna_glass_500_620ml_1pack","actuals","actuals",2021-02-28,168849.396,168849.396
"impulse_pna_glass_500_620ml_1pack","actuals","actuals",2023-10-01,114550.5229,114550.5229
"impulse_pna_glass_500_620ml_1pack","actuals","actuals",2023-06-25,128954.9335,128954.9335
"impulse_pna_glass_500_620ml_1pack","actuals","actuals",2022-01-02,98781.88499,98781.88499
"impulse_pna_glass_500_620ml_1pack","actuals","actuals",2021-09-26,158987.0286,158987.0286
"impulse_pna_glass_500_620ml_1pack","actuals","actuals",2021-02-14,155013.6859,155013.6859
"impulse_pna_glass_500_620ml_1pack","actuals","actuals",2022-11-06,114645.7265,114645.7265
"impulse_pna_glass_500_620ml_1pack","actuals","actuals",2022-07-31,144072.5435,144072.5435
"impulse_pna_glass_500_620ml_1pack","actuals","actuals",2023-11-19,104516.7407,104516.7407
"impulse_pna_glass_500_620ml_1pack","actuals","actuals",2023-10-15,111014.2947,111014.2947
"impulse_pna_glass_500_620ml_1pack","actuals","actuals",2023-06-04,141093.5352,141093.5352
"impulse_pna_glass_500_620ml_1pack","actuals","actuals",2022-01-16,123524.6853,123524.6853
"impulse_pna_glass_500_620ml_1pack","actuals","actuals",2021-09-05,191343.5228,191343.5228
"impulse_pna_glass_500_620ml_1pack","actuals","actuals",2023-07-02,123414.1306,123414.1306
"impulse_pna_glass_500_620ml_1pack","actuals","actuals",2021-11-07,144260.3813,144260.3813
"impulse_pna_glass_500_620ml_1pack","actuals","actuals",2022-08-14,137164.3493,137164.3493
"impulse_pna_glass_500_620ml_1pack","actuals","actuals",2023-04-23,120799.525,120799.525
"impulse_pna_glass_500_620ml_1pack","actuals","actuals",2023-03-19,110318.1023,110318.1023
"impulse_pna_glass_500_620ml_1pack","actuals","actuals",2023-06-18,141519.3595,141519.3595
"impulse_pna_glass_500_620ml_1pack","actuals","actuals",2021-06-20,185725.2153,185725.2153
"impulse_pna_glass_500_620ml_1pack","actuals","actuals",2022-03-27,122828.3833,122828.3833
"impulse_pna_glass_500_620ml_1pack","actuals","actuals",2023-01-08,89816.70145,89816.70145
"impulse_pna_glass_500_620ml_1pack","actuals","actuals",2022-12-04,112774.4936,112774.4936
"impulse_pna_glass_500_620ml_1pack","actuals","actuals",2022-02-20,107033.3784,107033.3784
"impulse_pna_glass_500_620ml_1pack","actuals","actuals",2021-03-07,171576.1388,171576.1388
"impulse_pna_glass_500_620ml_1pack","actuals","actuals",2022-09-25,112261.3127,112261.3127
"impulse_pna_glass_500_620ml_1pack","actuals","actuals",2022-08-21,130279.3053,130279.3053
"impulse_pna_glass_500_620ml_1pack","actuals","actuals",2022-07-17,153487.0981,153487.0981
"impulse_pna_glass_500_620ml_1pack","actuals","actuals",2021-10-03,153558.964,153558.964
"impulse_pna_glass_500_620ml_1pack","actuals","actuals",2022-06-12,145484.6791,145484.6791
"impulse_pna_glass_500_620ml_1pack","actuals","actuals",2022-05-08,141911.0396,141911.0396
"impulse_pna_glass_500_620ml_1pack","actuals","actuals",2021-07-25,186263.988,186263.988
"impulse_pna_glass_500_620ml_1pack","actuals","actuals",2023-11-26,100100.2458,100100.2458
"impulse_pna_glass_500_620ml_1pack","actuals","actuals",2023-10-22,108254.1787,108254.1787
"impulse_pna_glass_500_620ml_1pack","actuals","actuals",2022-02-27,109910.9286,109910.9286
"impulse_pna_glass_500_620ml_1pack","actuals","actuals",2022-01-23,132590.0799,132590.0799
"impulse_pna_glass_500_620ml_1pack","actuals","actuals",2021-04-11,201163.722,201163.722
"impulse_pna_glass_500_620ml_1pack","actuals","actuals",2023-07-09,122144.5161,122144.5161
"impulse_pna_glass_500_620ml_1pack","actuals","actuals",2021-11-14,147752.5354,147752.5354
"impulse_pna_glass_500_620ml_1pack","actuals","actuals",2021-10-10,148923.5828,148923.5828
"impulse_pna_glass_500_620ml_1pack","actuals","actuals",2023-04-30,126819.206,126819.206
"impulse_pna_glass_500_620ml_1pack","actuals","actuals",2023-03-26,109164.8371,109164.8371
"impulse_pna_glass_500_620ml_1pack","actuals","actuals",2021-08-01,183314.0217,183314.0217
"impulse_pna_glass_500_620ml_1pack","actuals","actuals",2021-06-27,205018.6985,205018.6985
"impulse_pna_glass_500_620ml_1pack","actuals","actuals",2022-04-03,119553.3581,119553.3581
"impulse_pna_glass_500_620ml_1pack","actuals","actuals",2023-01-15,94946.26246,94946.26246
"impulse_pna_glass_500_620ml_1pack","actuals","actuals",2022-12-11,100086.6235,100086.6235
"impulse_pna_glass_500_620ml_1pack","actuals","actuals",2021-04-18,200847.9149,200847.9149
"impulse_pna_glass_500_620ml_1pack","actuals","actuals",2021-03-14,175446.8986,175446.8986
"impulse_pna_glass_500_620ml_1pack","actuals","actuals",2022-10-02,111640.6415,111640.6415
"impulse_pna_glass_500_620ml_1pack","actuals","actuals",2022-08-28,116700.9769,116700.9769
"impulse_pna_glass_500_620ml_1pack","actuals","actuals",2021-01-03,115229.5306,115229.5306
"impulse_pna_glass_500_620ml_1pack","actuals","actuals",2023-08-06,123318.2581,123318.2581
"impulse_pna_glass_500_620ml_1pack","actuals","actuals",2022-06-19,145344.5431,145344.5431
"impulse_pna_glass_500_620ml_1pack","actuals","actuals",2022-05-15,137894.9907,137894.9907
"impulse_pna_glass_500_620ml_1pack","actuals","actuals",2022-04-10,134797.07,134797.07
"impulse_pna_glass_500_620ml_1pack","actuals","actuals",2023-12-03,98578.36531,98578.36531
"impulse_pna_glass_500_620ml_1pack","actuals","actuals",2023-10-29,103283.5456,103283.5456
"impulse_pna_glass_500_620ml_1pack","actuals","actuals",2022-03-06,108628.1944,108628.1944
"impulse_pna_glass_500_620ml_1pack","actuals","actuals",2022-01-30,115919.4492,115919.4492
"impulse_pna_glass_500_620ml_1pack","actuals","actuals",2021-05-16,153129.7486,153129.7486
"impulse_pna_glass_500_620ml_1pack","actuals","actuals",2023-07-16,118935.0064,118935.0064
"impulse_pna_glass_500_620ml_1pack","actuals","actuals",2021-11-21,143069.9878,143069.9878
"impulse_pna_glass_500_620ml_1pack","actuals","actuals",2021-10-17,146452.2923,146452.2923
"impulse_pna_glass_500_620ml_1pack","actuals","actuals",2023-05-07,132540.9004,132540.9004
"impulse_pna_glass_500_620ml_1pack","actuals","actuals",2023-04-02,120685.7514,120685.7514
"impulse_pna_glass_500_620ml_1pack","actuals","actuals",2021-08-08,181486.9557,181486.9557
"impulse_pna_glass_500_620ml_1pack","actuals","actuals",2021-07-04,184748.3374,184748.3374
"impulse_pna_glass_500_620ml_1pack","actuals","actuals",2021-05-30,204812.7909,204812.7909
"impulse_pna_glass_500_620ml_1pack","actuals","actuals",2023-01-22,100415.3795,100415.3795
"impulse_pna_glass_500_620ml_1pack","actuals","actuals",2022-12-18,103042.8111,103042.8111
"impulse_pna_glass_500_620ml_1pack","actuals","actuals",2021-04-25,175964.2467,175964.2467
"impulse_pna_glass_500_620ml_1pack","actuals","actuals",2021-03-21,175326.1279,175326.1279
"impulse_pna_glass_500_620ml_1pack","actuals","actuals",2022-10-09,115690.6938,115690.6938
"impulse_pna_glass_500_620ml_1pack","actuals","actuals",2022-09-04,105522.8646,105522.8646
"impulse_pna_glass_500_620ml_1pack","actuals","actuals",2021-01-10,127781.1028,127781.1028
"impulse_pna_glass_500_620ml_1pack","actuals","actuals",2023-08-13,126482.5459,126482.5459
"impulse_pna_glass_500_620ml_1pack","actuals","actuals",2022-06-26,131329.4667,131329.4667
"impulse_pna_glass_500_620ml_1pack","actuals","actuals",2022-05-22,136578.7923,136578.7923
"impulse_pna_glass_500_620ml_1pack","actuals","actuals",2022-04-17,139412.0622,139412.0622
"impulse_pna_glass_500_620ml_1pack","actuals","actuals",2023-12-10,96902.51883,96902.51883
"impulse_pna_glass_500_620ml_1pack","actuals","actuals",2023-11-05,104673.6892,104673.6892
"impulse_pna_glass_500_620ml_1pack","actuals","actuals",2022-03-13,115666.6159,115666.6159
"impulse_pna_glass_500_620ml_1pack","actuals","actuals",2022-02-06,100830.3738,100830.3738
"impulse_pna_glass_500_620ml_1pack","actuals","actuals",2021-05-23,166386.1652,166386.1652
"impulse_pna_glass_500_620ml_1pack","actuals","actuals",2023-07-23,122290.9854,122290.9854
"impulse_pna_glass_500_620ml_1pack","actuals","actuals",2021-11-28,131985.2046,131985.2046
"impulse_pna_glass_500_620ml_1pack","actuals","actuals",2021-10-24,151103.0151,151103.0151
"impulse_pna_glass_500_620ml_1pack","actuals","actuals",2023-05-14,126843.5652,126843.5652
"impulse_pna_glass_500_620ml_1pack","actuals","actuals",2023-04-09,114587.8488,114587.8488
"impulse_pna_glass_500_620ml_1pack","actuals","actuals",2021-08-15,179907.2032,179907.2032
"impulse_pna_glass_500_620ml_1pack","actuals","actuals",2021-07-11,210450.6033,210450.6033
"impulse_pna_glass_500_620ml_1pack","actuals","actuals",2021-06-06,195762.638,195762.638
"impulse_pna_glass_500_620ml_1pack","actuals","actuals",2023-01-29,106169.9155,106169.9155
"impulse_pna_glass_500_620ml_1pack","actuals","actuals",2022-12-25,83510.5293,83510.5293
"impulse_pna_glass_500_620ml_1pack","actuals","actuals",2021-05-02,178180.3115,178180.3115
"impulse_pna_glass_500_620ml_1pack","actuals","actuals",2021-03-28,200760.3777,200760.3777
"impulse_pna_glass_500_620ml_1pack","actuals","actuals",2022-10-16,119379.3033,119379.3033
"impulse_pna_glass_500_620ml_1pack","actuals","actuals",2022-09-11,110320.7661,110320.7661
"impulse_pna_glass_500_620ml_1pack","actuals","actuals",2021-01-17,140051.5573,140051.5573
"impulse_pna_glass_500_620ml_1pack","actuals","actuals",2023-08-20,126576.6035,126576.6035
"impulse_pna_glass_500_620ml_1pack","actuals","actuals",2022-07-03,137033.205,137033.205
"impulse_pna_glass_500_620ml_1pack","actuals","actuals",2022-05-29,140156.2184,140156.2184
"impulse_pna_glass_500_620ml_1pack","actuals","actuals",2022-04-24,133519.6324,133519.6324
"impulse_pna_glass_500_620ml_1pack","actuals","actuals",2023-12-17,96798.66977,96798.66977
"impulse_pna_glass_500_620ml_1pack","actuals","actuals",2023-11-12,102116.0948,102116.0948
"impulse_pna_glass_500_620ml_1pack","actuals","actuals",2022-03-20,130443.4792,130443.4792
"impulse_pna_glass_500_620ml_1pack","actuals","actuals",2022-02-13,99126.97853,99126.97853
"impulse_pna_glass_500_620ml_1pack","actuals","actuals",2023-09-03,148677.9449,148677.9449
"impulse_pna_glass_500_620ml_1pack","actuals","actuals",2023-07-30,113678.8885,113678.8885
"impulse_pna_glass_500_620ml_1pack","actuals","actuals",2021-12-05,129832.9533,129832.9533
"impulse_pna_glass_500_620ml_1pack","actuals","actuals",2021-10-31,137177.9551,137177.9551
"impulse_pna_glass_500_620ml_1pack","actuals","actuals",2023-05-21,136388.1585,136388.1585
"impulse_pna_glass_500_620ml_1pack","actuals","actuals",2023-04-16,114877.9637,114877.9637
"impulse_pna_glass_500_620ml_1pack","actuals","actuals",2021-08-22,189297.6832,189297.6832
"impulse_pna_glass_500_620ml_1pack","actuals","actuals",2021-07-18,219238.847,219238.847
"impulse_pna_glass_500_620ml_1pack","actuals","actuals",2021-06-13,203519.366,203519.366
"impulse_pna_glass_500_620ml_1pack","actuals","actuals",2023-02-05,105999.5009,105999.5009
"impulse_pna_glass_500_620ml_1pack","actuals","actuals",2023-01-01,80436.33892,80436.33892
"impulse_pna_glass_500_620ml_1pack","actuals","actuals",2021-05-09,170926.317,170926.317
"impulse_pna_glass_500_620ml_1pack","actuals","actuals",2021-04-04,200059.7576,200059.7576
"impulse_pna_glass_500_620ml_1pack","actuals","actuals",2022-10-23,118418.734,118418.734
"impulse_pna_glass_500_620ml_1pack","actuals","actuals",2022-09-18,114382.5285,114382.5285
"impulse_pna_glass_500_620ml_1pack","actuals","actuals",2021-01-24,150237.5858,150237.5858
"impulse_pna_glass_500_620ml_1pack","actuals","actuals",2023-08-27,122879.2207,122879.2207
"impulse_pna_glass_500_620ml_1pack","actuals","actuals",2022-07-10,149279.0674,149279.0674
"impulse_pna_glass_500_620ml_1pack","actuals","actuals",2022-06-05,124972.9604,124972.9604
"impulse_pna_glass_500_620ml_1pack","actuals","actuals",2022-05-01,141098.4849,141098.4849
"impulse_pna_glass_500_620ml_1pack","actuals","actuals",2023-12-24,78696.59976,78696.59976
"impulse_pna_glass_500_620ml_1pack","c_discount_impulse_budweiser_btl_660_ml_single","comp_promo",2022-08-07,0,0
"impulse_pna_glass_500_620ml_1pack","c_discount_impulse_budweiser_btl_660_ml_single","comp_promo",2022-01-16,-5029.95374021343,-5029.95374021343
"impulse_pna_glass_500_620ml_1pack","c_discount_impulse_budweiser_btl_660_ml_single","comp_promo",2022-08-21,0,0
"impulse_pna_glass_500_620ml_1pack","c_discount_impulse_budweiser_btl_660_ml_single","comp_promo",2022-08-28,0,0
"impulse_pna_glass_500_620ml_1pack","c_discount_impulse_budweiser_btl_660_ml_single","comp_promo",2022-08-14,0,0
"impulse_pna_glass_500_620ml_1pack","c_discount_impulse_budweiser_btl_660_ml_single","comp_promo",2022-02-06,0,0
"impulse_pna_glass_500_620ml_1pack","c_discount_impulse_budweiser_btl_660_ml_single","comp_promo",2022-07-17,-5467.77279451826,-5467.77279451826
"impulse_pna_glass_500_620ml_1pack","c_discount_impulse_budweiser_btl_660_ml_single","comp_promo",2022-01-30,0,0
"impulse_pna_glass_500_620ml_1pack","c_discount_impulse_budweiser_btl_660_ml_single","comp_promo",2021-12-26,-8439.22752276463,-8439.22752276463
"impulse_pna_glass_500_620ml_1pack","c_discount_impulse_budweiser_btl_660_ml_single","comp_promo",2022-07-31,-3804.68145996778,-3804.68145996778
"impulse_pna_glass_500_620ml_1pack","c_discount_impulse_budweiser_btl_660_ml_single","comp_promo",2022-01-02,-8338.3088006171,-8338.3088006171
"impulse_pna_glass_500_620ml_1pack","c_discount_impulse_budweiser_btl_660_ml_single","comp_promo",2022-07-24,-4486.51201786461,-4486.51201786461
"impulse_pna_glass_500_620ml_1pack","c_discount_impulse_budweiser_btl_660_ml_single","comp_promo",2021-12-19,-7998.26848439477,-7998.26848439477
"impulse_pna_glass_500_620ml_1pack","c_discount_impulse_budweiser_btl_660_ml_single","comp_promo",2022-02-20,0,0
"impulse_pna_glass_500_620ml_1pack","c_discount_impulse_budweiser_btl_660_ml_single","comp_promo",2021-12-12,-8266.85091768508,-8266.85091768508
"impulse_pna_glass_500_620ml_1pack","c_discount_impulse_budweiser_btl_660_ml_single","comp_promo",2022-02-13,0,0
"impulse_pna_glass_500_620ml_1pack","c_discount_impulse_budweiser_btl_660_ml_single","comp_promo",2022-01-09,-5053.20580657629,-5053.20580657629
"impulse_pna_glass_500_620ml_1pack","c_discount_impulse_budweiser_btl_660_ml_single","comp_promo",2021-12-05,-8314.40741776253,-8314.40741776253
"impulse_pna_glass_500_620ml_1pack","c_discount_impulse_budweiser_btl_660_ml_single","comp_promo",2021-03-28,-4524.09923387982,-4524.09923387982
"impulse_pna_glass_500_620ml_1pack","c_discount_impulse_budweiser_btl_660_ml_single","comp_promo",2021-02-21,-5761.62643892394,-5761.62643892394
"impulse_pna_glass_500_620ml_1pack","c_discount_impulse_budweiser_btl_660_ml_single","comp_promo",2021-11-28,-7301.49469914844,-7301.49469914844
"impulse_pna_glass_500_620ml_1pack","c_discount_impulse_budweiser_btl_660_ml_single","comp_promo",2022-09-11,-6203.83547962324,-6203.83547962324
"impulse_pna_glass_500_620ml_1pack","c_discount_impulse_budweiser_btl_660_ml_single","comp_promo",2021-11-21,-6139.13531236581,-6139.13531236581
"impulse_pna_glass_500_620ml_1pack","c_discount_impulse_budweiser_btl_660_ml_single","comp_promo",2022-09-04,0,0
"impulse_pna_glass_500_620ml_1pack","c_discount_impulse_budweiser_btl_660_ml_single","comp_promo",2022-01-23,-3490.69900431931,-3490.69900431931
"impulse_pna_glass_500_620ml_1pack","c_discount_impulse_budweiser_btl_660_ml_single","comp_promo",2021-01-03,-6185.75927102289,-6185.75927102289
"impulse_pna_glass_500_620ml_1pack","c_discount_impulse_budweiser_btl_660_ml_single","comp_promo",2021-04-11,-5398.65579674537,-5398.65579674537
"impulse_pna_glass_500_620ml_1pack","c_discount_impulse_budweiser_btl_660_ml_single","comp_promo",2021-08-15,0,0
"impulse_pna_glass_500_620ml_1pack","c_discount_impulse_budweiser_btl_660_ml_single","comp_promo",2023-04-09,0,0
"impulse_pna_glass_500_620ml_1pack","c_discount_impulse_budweiser_btl_660_ml_single","comp_promo",2022-09-25,0,0
"impulse_pna_glass_500_620ml_1pack","c_discount_impulse_budweiser_btl_660_ml_single","comp_promo",2021-08-08,0,0
"impulse_pna_glass_500_620ml_1pack","c_discount_impulse_budweiser_btl_660_ml_single","comp_promo",2023-04-02,0,0
"impulse_pna_glass_500_620ml_1pack","c_discount_impulse_budweiser_btl_660_ml_single","comp_promo",2023-02-26,0,0
"impulse_pna_glass_500_620ml_1pack","c_discount_impulse_budweiser_btl_660_ml_single","comp_promo",2021-01-17,-4705.47601134946,-4705.47601134946
"impulse_pna_glass_500_620ml_1pack","c_discount_impulse_budweiser_btl_660_ml_single","comp_promo",2021-03-21,-5050.33231849497,-5050.33231849497
"impulse_pna_glass_500_620ml_1pack","c_discount_impulse_budweiser_btl_660_ml_single","comp_promo",2023-10-29,0,0
"impulse_pna_glass_500_620ml_1pack","c_discount_impulse_budweiser_btl_660_ml_single","comp_promo",2023-09-24,0,0
"impulse_pna_glass_500_620ml_1pack","c_discount_impulse_budweiser_btl_660_ml_single","comp_promo",2022-02-27,0,0
"impulse_pna_glass_500_620ml_1pack","c_discount_impulse_budweiser_btl_660_ml_single","comp_promo",2021-08-22,0,0
"impulse_pna_glass_500_620ml_1pack","c_discount_impulse_budweiser_btl_660_ml_single","comp_promo",2023-04-16,0,0
"impulse_pna_glass_500_620ml_1pack","c_discount_impulse_budweiser_btl_660_ml_single","comp_promo",2021-03-07,-3806.48740793332,-3806.48740793332
"impulse_pna_glass_500_620ml_1pack","c_discount_impulse_budweiser_btl_660_ml_single","comp_promo",2021-01-31,-4825.52603276572,-4825.52603276572
"impulse_pna_glass_500_620ml_1pack","c_discount_impulse_budweiser_btl_660_ml_single","comp_promo",2021-04-04,0,0
"impulse_pna_glass_500_620ml_1pack","c_discount_impulse_budweiser_btl_660_ml_single","comp_promo",2021-02-28,-4424.37993818161,-4424.37993818161
"impulse_pna_glass_500_620ml_1pack","c_discount_impulse_budweiser_btl_660_ml_single","comp_promo",2021-01-24,-4543.555385917,-4543.555385917
"impulse_pna_glass_500_620ml_1pack","c_discount_impulse_budweiser_btl_660_ml_single","comp_promo",2022-09-18,-5302.52077476678,-5302.52077476678
"impulse_pna_glass_500_620ml_1pack","c_discount_impulse_budweiser_btl_660_ml_single","comp_promo",2023-11-05,0,0
"impulse_pna_glass_500_620ml_1pack","c_discount_impulse_budweiser_btl_660_ml_single","comp_promo",2023-10-01,0,0
"impulse_pna_glass_500_620ml_1pack","c_discount_impulse_budweiser_btl_660_ml_single","comp_promo",2021-02-14,-4646.01433813683,-4646.01433813683
"impulse_pna_glass_500_620ml_1pack","c_discount_impulse_budweiser_btl_660_ml_single","comp_promo",2021-01-10,-7112.95326469186,-7112.95326469186
"impulse_pna_glass_500_620ml_1pack","c_discount_impulse_budweiser_btl_660_ml_single","comp_promo",2021-04-18,-8911.805045205,-8911.805045205
"impulse_pna_glass_500_620ml_1pack","c_discount_impulse_budweiser_btl_660_ml_single","comp_promo",2021-03-14,-5119.43180923244,-5119.43180923244
"impulse_pna_glass_500_620ml_1pack","c_discount_impulse_budweiser_btl_660_ml_single","comp_promo",2021-02-07,-5577.91500101888,-5577.91500101888
"impulse_pna_glass_500_620ml_1pack","c_discount_impulse_budweiser_btl_660_ml_single","comp_promo",2022-10-02,0,0
"impulse_pna_glass_500_620ml_1pack","c_discount_impulse_budweiser_btl_660_ml_single","comp_promo",2023-11-19,0,0
"impulse_pna_glass_500_620ml_1pack","c_discount_impulse_budweiser_btl_660_ml_single","comp_promo",2023-10-15,0,0
"impulse_pna_glass_500_620ml_1pack","c_discount_impulse_budweiser_btl_660_ml_single","comp_promo",2023-03-05,0,0
"impulse_pna_glass_500_620ml_1pack","c_discount_impulse_budweiser_btl_660_ml_single","comp_promo",2022-06-19,0,0
"impulse_pna_glass_500_620ml_1pack","c_discount_impulse_budweiser_btl_660_ml_single","comp_promo",2021-05-02,-9334.19262039456,-9334.19262039456
"impulse_pna_glass_500_620ml_1pack","c_discount_impulse_budweiser_btl_660_ml_single","comp_promo",2022-05-15,-4799.32772686321,-4799.32772686321
"impulse_pna_glass_500_620ml_1pack","c_discount_impulse_budweiser_btl_660_ml_single","comp_promo",2023-12-03,0,0
"impulse_pna_glass_500_620ml_1pack","c_discount_impulse_budweiser_btl_660_ml_single","comp_promo",2022-03-06,0,0
"impulse_pna_glass_500_620ml_1pack","c_discount_impulse_budweiser_btl_660_ml_single","comp_promo",2021-08-29,0,0
"impulse_pna_glass_500_620ml_1pack","c_discount_impulse_budweiser_btl_660_ml_single","comp_promo",2023-04-23,0,0
"impulse_pna_glass_500_620ml_1pack","c_discount_impulse_budweiser_btl_660_ml_single","comp_promo",2023-08-20,0,0
"impulse_pna_glass_500_620ml_1pack","c_discount_impulse_budweiser_btl_660_ml_single","comp_promo",2022-07-03,-6237.0599424102,-6237.0599424102
"impulse_pna_glass_500_620ml_1pack","c_discount_impulse_budweiser_btl_660_ml_single","comp_promo",2021-05-16,-8313.93161544417,-8313.93161544417
"impulse_pna_glass_500_620ml_1pack","c_discount_impulse_budweiser_btl_660_ml_single","comp_promo",2023-07-16,0,0
"impulse_pna_glass_500_620ml_1pack","c_discount_impulse_budweiser_btl_660_ml_single","comp_promo",2023-06-11,0,0
"impulse_pna_glass_500_620ml_1pack","c_discount_impulse_budweiser_btl_660_ml_single","comp_promo",2023-05-07,0,0
"impulse_pna_glass_500_620ml_1pack","c_discount_impulse_budweiser_btl_660_ml_single","comp_promo",2023-11-12,0,0
"impulse_pna_glass_500_620ml_1pack","c_discount_impulse_budweiser_btl_660_ml_single","comp_promo",2023-10-08,0,0
"impulse_pna_glass_500_620ml_1pack","c_discount_impulse_budweiser_btl_660_ml_single","comp_promo",2023-09-03,0,0
"impulse_pna_glass_500_620ml_1pack","c_discount_impulse_budweiser_btl_660_ml_single","comp_promo",2023-01-22,0,0
"impulse_pna_glass_500_620ml_1pack","c_discount_impulse_budweiser_btl_660_ml_single","comp_promo",2021-04-25,-8939.00280830774,-8939.00280830774
"impulse_pna_glass_500_620ml_1pack","c_discount_impulse_budweiser_btl_660_ml_single","comp_promo",2022-12-18,0,0
"impulse_pna_glass_500_620ml_1pack","c_discount_impulse_budweiser_btl_660_ml_single","comp_promo",2022-11-13,0,0
"impulse_pna_glass_500_620ml_1pack","c_discount_impulse_budweiser_btl_660_ml_single","comp_promo",2022-10-09,0,0
"impulse_pna_glass_500_620ml_1pack","c_discount_impulse_budweiser_btl_660_ml_single","comp_promo",2023-11-26,0,0
"impulse_pna_glass_500_620ml_1pack","c_discount_impulse_budweiser_btl_660_ml_single","comp_promo",2023-10-22,0,0
"impulse_pna_glass_500_620ml_1pack","c_discount_impulse_budweiser_btl_660_ml_single","comp_promo",2023-03-12,0,0
"impulse_pna_glass_500_620ml_1pack","c_discount_impulse_budweiser_btl_660_ml_single","comp_promo",2022-06-26,0,0
"impulse_pna_glass_500_620ml_1pack","c_discount_impulse_budweiser_btl_660_ml_single","comp_promo",2021-05-09,-8340.14081461316,-8340.14081461316
"impulse_pna_glass_500_620ml_1pack","c_discount_impulse_budweiser_btl_660_ml_single","comp_promo",2022-05-22,-4722.4387724967,-4722.4387724967
"impulse_pna_glass_500_620ml_1pack","c_discount_impulse_budweiser_btl_660_ml_single","comp_promo",2023-12-10,0,0
"impulse_pna_glass_500_620ml_1pack","c_discount_impulse_budweiser_btl_660_ml_single","comp_promo",2022-03-13,0,0
"impulse_pna_glass_500_620ml_1pack","c_discount_impulse_budweiser_btl_660_ml_single","comp_promo",2021-09-05,-3085.66479168962,-3085.66479168962
"impulse_pna_glass_500_620ml_1pack","c_discount_impulse_budweiser_btl_660_ml_single","comp_promo",2023-04-30,0,0
"impulse_pna_glass_500_620ml_1pack","c_discount_impulse_budweiser_btl_660_ml_single","comp_promo",2023-08-27,0,0
"impulse_pna_glass_500_620ml_1pack","c_discount_impulse_budweiser_btl_660_ml_single","comp_promo",2022-07-10,-8329.61597396005,-8329.61597396005
"impulse_pna_glass_500_620ml_1pack","c_discount_impulse_budweiser_btl_660_ml_single","comp_promo",2021-05-23,-6693.19213386149,-6693.19213386149
"impulse_pna_glass_500_620ml_1pack","c_discount_impulse_budweiser_btl_660_ml_single","comp_promo",2023-07-23,0,0
"impulse_pna_glass_500_620ml_1pack","c_discount_impulse_budweiser_btl_660_ml_single","comp_promo",2023-06-18,0,0
"impulse_pna_glass_500_620ml_1pack","c_discount_impulse_budweiser_btl_660_ml_single","comp_promo",2023-05-14,0,0
"impulse_pna_glass_500_620ml_1pack","c_discount_impulse_budweiser_btl_660_ml_single","comp_promo",2021-09-19,-9363.75966895833,-9363.75966895833
"impulse_pna_glass_500_620ml_1pack","c_discount_impulse_budweiser_btl_660_ml_single","comp_promo",2023-12-17,0,0
"impulse_pna_glass_500_620ml_1pack","c_discount_impulse_budweiser_btl_660_ml_single","comp_promo",2023-09-10,0,0
"impulse_pna_glass_500_620ml_1pack","c_discount_impulse_budweiser_btl_660_ml_single","comp_promo",2023-01-29,0,0
"impulse_pna_glass_500_620ml_1pack","c_discount_impulse_budweiser_btl_660_ml_single","comp_promo",2021-06-06,-7122.51521839652,-7122.51521839652
"impulse_pna_glass_500_620ml_1pack","c_discount_impulse_budweiser_btl_660_ml_single","comp_promo",2022-12-25,0,0
"impulse_pna_glass_500_620ml_1pack","c_discount_impulse_budweiser_btl_660_ml_single","comp_promo",2022-11-20,0,0
"impulse_pna_glass_500_620ml_1pack","c_discount_impulse_budweiser_btl_660_ml_single","comp_promo",2022-10-16,0,0
"impulse_pna_glass_500_620ml_1pack","c_discount_impulse_budweiser_btl_660_ml_single","comp_promo",2021-10-03,-3590.73264856473,-3590.73264856473
"impulse_pna_glass_500_620ml_1pack","c_discount_impulse_budweiser_btl_660_ml_single","comp_promo",2023-06-25,0,0
"impulse_pna_glass_500_620ml_1pack","c_discount_impulse_budweiser_btl_660_ml_single","comp_promo",2023-03-19,0,0
"impulse_pna_glass_500_620ml_1pack","c_discount_impulse_budweiser_btl_660_ml_single","comp_promo",2023-02-12,0,0
"impulse_pna_glass_500_620ml_1pack","c_discount_impulse_budweiser_btl_660_ml_single","comp_promo",2021-06-20,-6854.96570019637,-6854.96570019637
"impulse_pna_glass_500_620ml_1pack","c_discount_impulse_budweiser_btl_660_ml_single","comp_promo",2022-05-29,0,0
"impulse_pna_glass_500_620ml_1pack","c_discount_impulse_budweiser_btl_660_ml_single","comp_promo",2023-02-05,0,0
"impulse_pna_glass_500_620ml_1pack","c_discount_impulse_budweiser_btl_660_ml_single","comp_promo",2022-03-20,-4594.8447749926,-4594.8447749926
"impulse_pna_glass_500_620ml_1pack","c_discount_impulse_budweiser_btl_660_ml_single","comp_promo",2021-09-12,-4976.27016678197,-4976.27016678197
"impulse_pna_glass_500_620ml_1pack","c_discount_impulse_budweiser_btl_660_ml_single","comp_promo",2022-11-27,0,0
"impulse_pna_glass_500_620ml_1pack","c_discount_impulse_budweiser_btl_660_ml_single","comp_promo",2022-10-23,0,0
"impulse_pna_glass_500_620ml_1pack","c_discount_impulse_budweiser_btl_660_ml_single","comp_promo",2021-07-04,-5799.30080107105,-5799.30080107105
"impulse_pna_glass_500_620ml_1pack","c_discount_impulse_budweiser_btl_660_ml_single","comp_promo",2021-05-30,-8715.22204580924,-8715.22204580924
"impulse_pna_glass_500_620ml_1pack","c_discount_impulse_budweiser_btl_660_ml_single","comp_promo",2023-07-30,0,0
"impulse_pna_glass_500_620ml_1pack","c_discount_impulse_budweiser_btl_660_ml_single","comp_promo",2023-02-19,0,0
"impulse_pna_glass_500_620ml_1pack","c_discount_impulse_budweiser_btl_660_ml_single","comp_promo",2023-05-21,0,0
"impulse_pna_glass_500_620ml_1pack","c_discount_impulse_budweiser_btl_660_ml_single","comp_promo",2021-09-26,-4520.9802582573,-4520.9802582573
"impulse_pna_glass_500_620ml_1pack","c_discount_impulse_budweiser_btl_660_ml_single","comp_promo",2023-12-24,0,0
"impulse_pna_glass_500_620ml_1pack","c_discount_impulse_budweiser_btl_660_ml_single","comp_promo",2023-09-17,0,0
"impulse_pna_glass_500_620ml_1pack","c_discount_impulse_budweiser_btl_660_ml_single","comp_promo",2023-01-08,0,0
"impulse_pna_glass_500_620ml_1pack","c_discount_impulse_budweiser_btl_660_ml_single","comp_promo",2021-06-13,-6424.06348106588,-6424.06348106588
"impulse_pna_glass_500_620ml_1pack","c_discount_impulse_budweiser_btl_660_ml_single","comp_promo",2023-01-01,0,0
"impulse_pna_glass_500_620ml_1pack","c_discount_impulse_budweiser_btl_660_ml_single","comp_promo",2021-07-11,-4686.69601992496,-4686.69601992496
"impulse_pna_glass_500_620ml_1pack","c_discount_impulse_budweiser_btl_660_ml_single","comp_promo",2023-07-09,0,0
"impulse_pna_glass_500_620ml_1pack","c_discount_impulse_budweiser_btl_660_ml_single","comp_promo",2021-10-10,-7996.92705643588,-7996.92705643588
"impulse_pna_glass_500_620ml_1pack","c_discount_impulse_budweiser_btl_660_ml_single","comp_promo",2023-07-02,0,0
"impulse_pna_glass_500_620ml_1pack","c_discount_impulse_budweiser_btl_660_ml_single","comp_promo",2023-03-26,0,0
"impulse_pna_glass_500_620ml_1pack","c_discount_impulse_budweiser_btl_660_ml_single","comp_promo",2022-06-12,0,0
"impulse_pna_glass_500_620ml_1pack","c_discount_impulse_budweiser_btl_660_ml_single","comp_promo",2021-06-27,-6444.44205934742,-6444.44205934742
"impulse_pna_glass_500_620ml_1pack","c_discount_impulse_budweiser_btl_660_ml_single","comp_promo",2022-06-05,0,0
"impulse_pna_glass_500_620ml_1pack","c_discount_impulse_budweiser_btl_660_ml_single","comp_promo",2021-07-25,-6082.11995557009,-6082.11995557009
"impulse_pna_glass_500_620ml_1pack","c_discount_impulse_budweiser_btl_660_ml_single","comp_promo",2022-03-27,-3695.0134996046,-3695.0134996046
"impulse_pna_glass_500_620ml_1pack","c_discount_impulse_budweiser_btl_660_ml_single","comp_promo",2022-11-06,0,0
"impulse_pna_glass_500_620ml_1pack","c_discount_impulse_budweiser_btl_660_ml_single","comp_promo",2022-12-04,0,0
"impulse_pna_glass_500_620ml_1pack","c_discount_impulse_budweiser_btl_660_ml_single","comp_promo",2022-10-30,0,0
"impulse_pna_glass_500_620ml_1pack","c_discount_impulse_budweiser_btl_660_ml_single","comp_promo",2023-08-13,0,0
"impulse_pna_glass_500_620ml_1pack","c_discount_impulse_budweiser_btl_660_ml_single","comp_promo",2022-04-24,-5332.80483369257,-5332.80483369257
"impulse_pna_glass_500_620ml_1pack","c_discount_impulse_budweiser_btl_660_ml_single","comp_promo",2023-08-06,0,0
"impulse_pna_glass_500_620ml_1pack","c_discount_impulse_budweiser_btl_660_ml_single","comp_promo",2022-04-17,-6326.76754811591,-6326.76754811591
"impulse_pna_glass_500_620ml_1pack","c_discount_impulse_budweiser_btl_660_ml_single","comp_promo",2023-05-28,0,0
"impulse_pna_glass_500_620ml_1pack","c_discount_impulse_budweiser_btl_660_ml_single","comp_promo",2022-04-10,-5996.82139947521,-5996.82139947521
"impulse_pna_glass_500_620ml_1pack","c_discount_impulse_budweiser_btl_660_ml_single","comp_promo",2022-05-08,-5970.40639537865,-5970.40639537865
"impulse_pna_glass_500_620ml_1pack","c_discount_impulse_budweiser_btl_660_ml_single","comp_promo",2022-04-03,-4970.73872167769,-4970.73872167769
"impulse_pna_glass_500_620ml_1pack","c_discount_impulse_budweiser_btl_660_ml_single","comp_promo",2023-01-15,0,0
"impulse_pna_glass_500_620ml_1pack","c_discount_impulse_budweiser_btl_660_ml_single","comp_promo",2022-12-11,0,0
"impulse_pna_glass_500_620ml_1pack","c_discount_impulse_budweiser_btl_660_ml_single","comp_promo",2021-07-18,-5826.8743818676,-5826.8743818676
"impulse_pna_glass_500_620ml_1pack","c_discount_impulse_budweiser_btl_660_ml_single","comp_promo",2022-05-01,-5826.96930890414,-5826.96930890414
"impulse_pna_glass_500_620ml_1pack","c_discount_impulse_budweiser_btl_660_ml_single","comp_promo",2021-10-17,-9033.01014191417,-9033.01014191417
"impulse_pna_glass_500_620ml_1pack","c_discount_impulse_budweiser_btl_660_ml_single","comp_promo",2023-06-04,0,0
"impulse_pna_glass_500_620ml_1pack","c_discount_impulse_budweiser_btl_660_ml_single","comp_promo",2021-10-24,-6962.95687561093,-6962.95687561093
"impulse_pna_glass_500_620ml_1pack","c_discount_impulse_budweiser_btl_660_ml_single","comp_promo",2021-11-14,-3979.10171964944,-3979.10171964944
"impulse_pna_glass_500_620ml_1pack","c_discount_impulse_budweiser_btl_660_ml_single","comp_promo",2021-08-01,0,0
"impulse_pna_glass_500_620ml_1pack","c_discount_impulse_budweiser_btl_660_ml_single","comp_promo",2021-11-07,-3954.20477004696,-3954.20477004696
"impulse_pna_glass_500_620ml_1pack","c_discount_impulse_budweiser_btl_660_ml_single","comp_promo",2021-10-31,-8581.32979504919,-8581.32979504919
"impulse_pna_glass_500_620ml_1pack","c_discount_impulse_san_miguel_btl_660_ml_single","comp_promo",2022-07-24,-16477.3807750639,-16477.3807750639
"impulse_pna_glass_500_620ml_1pack","c_discount_impulse_san_miguel_btl_660_ml_single","comp_promo",2022-07-17,-13254.8763481411,-13254.8763481411
"impulse_pna_glass_500_620ml_1pack","c_discount_impulse_san_miguel_btl_660_ml_single","comp_promo",2022-08-07,-14073.7381015222,-14073.7381015222
"impulse_pna_glass_500_620ml_1pack","c_discount_impulse_san_miguel_btl_660_ml_single","comp_promo",2021-11-21,-16975.4355314401,-16975.4355314401
"impulse_pna_glass_500_620ml_1pack","c_discount_impulse_san_miguel_btl_660_ml_single","comp_promo",2022-08-28,-13622.6930521846,-13622.6930521846
"impulse_pna_glass_500_620ml_1pack","c_discount_impulse_san_miguel_btl_660_ml_single","comp_promo",2022-08-14,-13639.1474395613,-13639.1474395613
"impulse_pna_glass_500_620ml_1pack","c_discount_impulse_san_miguel_btl_660_ml_single","comp_promo",2021-08-15,-10159.3630583733,-10159.3630583733
"impulse_pna_glass_500_620ml_1pack","c_discount_impulse_san_miguel_btl_660_ml_single","comp_promo",2022-08-21,-12643.3166254381,-12643.3166254381
"impulse_pna_glass_500_620ml_1pack","c_discount_impulse_san_miguel_btl_660_ml_single","comp_promo",2022-06-19,-12051.7069527001,-12051.7069527001
"impulse_pna_glass_500_620ml_1pack","c_discount_impulse_san_miguel_btl_660_ml_single","comp_promo",2023-10-29,0,0
"impulse_pna_glass_500_620ml_1pack","c_discount_impulse_san_miguel_btl_660_ml_single","comp_promo",2023-09-03,0,0
"impulse_pna_glass_500_620ml_1pack","c_discount_impulse_san_miguel_btl_660_ml_single","comp_promo",2021-12-05,-14670.8019419699,-14670.8019419699
"impulse_pna_glass_500_620ml_1pack","c_discount_impulse_san_miguel_btl_660_ml_single","comp_promo",2022-09-11,-13250.3943259233,-13250.3943259233
"impulse_pna_glass_500_620ml_1pack","c_discount_impulse_san_miguel_btl_660_ml_single","comp_promo",2021-08-08,0,0
"impulse_pna_glass_500_620ml_1pack","c_discount_impulse_san_miguel_btl_660_ml_single","comp_promo",2021-11-28,-17297.6441439556,-17297.6441439556
"impulse_pna_glass_500_620ml_1pack","c_discount_impulse_san_miguel_btl_660_ml_single","comp_promo",2022-07-31,-15651.7566456533,-15651.7566456533
"impulse_pna_glass_500_620ml_1pack","c_discount_impulse_san_miguel_btl_660_ml_single","comp_promo",2021-01-10,0,0
"impulse_pna_glass_500_620ml_1pack","c_discount_impulse_san_miguel_btl_660_ml_single","comp_promo",2021-08-22,-5759.09142309315,-5759.09142309315
"impulse_pna_glass_500_620ml_1pack","c_discount_impulse_san_miguel_btl_660_ml_single","comp_promo",2021-01-03,0,0
"impulse_pna_glass_500_620ml_1pack","c_discount_impulse_san_miguel_btl_660_ml_single","comp_promo",2022-06-26,-13259.092870572,-13259.092870572
"impulse_pna_glass_500_620ml_1pack","c_discount_impulse_san_miguel_btl_660_ml_single","comp_promo",2022-09-25,-9198.43150593478,-9198.43150593478
"impulse_pna_glass_500_620ml_1pack","c_discount_impulse_san_miguel_btl_660_ml_single","comp_promo",2021-01-31,0,0
"impulse_pna_glass_500_620ml_1pack","c_discount_impulse_san_miguel_btl_660_ml_single","comp_promo",2021-12-12,-13374.3563287963,-13374.3563287963
"impulse_pna_glass_500_620ml_1pack","c_discount_impulse_san_miguel_btl_660_ml_single","comp_promo",2022-09-18,-13852.7437950189,-13852.7437950189
"impulse_pna_glass_500_620ml_1pack","c_discount_impulse_san_miguel_btl_660_ml_single","comp_promo",2021-01-24,0,0
"impulse_pna_glass_500_620ml_1pack","c_discount_impulse_san_miguel_btl_660_ml_single","comp_promo",2023-11-05,0,0
"impulse_pna_glass_500_620ml_1pack","c_discount_impulse_san_miguel_btl_660_ml_single","comp_promo",2021-01-17,0,0
"impulse_pna_glass_500_620ml_1pack","c_discount_impulse_san_miguel_btl_660_ml_single","comp_promo",2022-03-06,-11032.8588807468,-11032.8588807468
"impulse_pna_glass_500_620ml_1pack","c_discount_impulse_san_miguel_btl_660_ml_single","comp_promo",2022-09-04,-13103.6353843551,-13103.6353843551
"impulse_pna_glass_500_620ml_1pack","c_discount_impulse_san_miguel_btl_660_ml_single","comp_promo",2023-08-20,0,0
"impulse_pna_glass_500_620ml_1pack","c_discount_impulse_san_miguel_btl_660_ml_single","comp_promo",2022-07-03,-10445.5850276671,-10445.5850276671
"impulse_pna_glass_500_620ml_1pack","c_discount_impulse_san_miguel_btl_660_ml_single","comp_promo",2022-10-02,-6760.49824039238,-6760.49824039238
"impulse_pna_glass_500_620ml_1pack","c_discount_impulse_san_miguel_btl_660_ml_single","comp_promo",2021-02-07,0,0
"impulse_pna_glass_500_620ml_1pack","c_discount_impulse_san_miguel_btl_660_ml_single","comp_promo",2023-11-19,0,0
"impulse_pna_glass_500_620ml_1pack","c_discount_impulse_san_miguel_btl_660_ml_single","comp_promo",2023-09-10,0,0
"impulse_pna_glass_500_620ml_1pack","c_discount_impulse_san_miguel_btl_660_ml_single","comp_promo",2021-09-12,-20582.0739848833,-20582.0739848833
"impulse_pna_glass_500_620ml_1pack","c_discount_impulse_san_miguel_btl_660_ml_single","comp_promo",2021-06-06,-3269.05369742812,-3269.05369742812
"impulse_pna_glass_500_620ml_1pack","c_discount_impulse_san_miguel_btl_660_ml_single","comp_promo",2021-05-02,-5179.52061737261,-5179.52061737261
"impulse_pna_glass_500_620ml_1pack","c_discount_impulse_san_miguel_btl_660_ml_single","comp_promo",2022-01-09,-17793.5358131565,-17793.5358131565
"impulse_pna_glass_500_620ml_1pack","c_discount_impulse_san_miguel_btl_660_ml_single","comp_promo",2022-10-16,0,0
"impulse_pna_glass_500_620ml_1pack","c_discount_impulse_san_miguel_btl_660_ml_single","comp_promo",2021-04-25,-2693.45980438795,-2693.45980438795
"impulse_pna_glass_500_620ml_1pack","c_discount_impulse_san_miguel_btl_660_ml_single","comp_promo",2021-08-29,-6593.25469575066,-6593.25469575066
"impulse_pna_glass_500_620ml_1pack","c_discount_impulse_san_miguel_btl_660_ml_single","comp_promo",2022-10-09,-7285.85734007042,-7285.85734007042
"impulse_pna_glass_500_620ml_1pack","c_discount_impulse_san_miguel_btl_660_ml_single","comp_promo",2021-02-14,-2897.6235565122,-2897.6235565122
"impulse_pna_glass_500_620ml_1pack","c_discount_impulse_san_miguel_btl_660_ml_single","comp_promo",2021-06-20,0,0
"impulse_pna_glass_500_620ml_1pack","c_discount_impulse_san_miguel_btl_660_ml_single","comp_promo",2021-05-16,0,0
"impulse_pna_glass_500_620ml_1pack","c_discount_impulse_san_miguel_btl_660_ml_single","comp_promo",2021-12-19,-13688.904028718,-13688.904028718
"impulse_pna_glass_500_620ml_1pack","c_discount_impulse_san_miguel_btl_660_ml_single","comp_promo",2022-10-30,0,0
"impulse_pna_glass_500_620ml_1pack","c_discount_impulse_san_miguel_btl_660_ml_single","comp_promo",2021-05-09,-2717.48118951975,-2717.48118951975
"impulse_pna_glass_500_620ml_1pack","c_discount_impulse_san_miguel_btl_660_ml_single","comp_promo",2023-11-12,0,0
"impulse_pna_glass_500_620ml_1pack","c_discount_impulse_san_miguel_btl_660_ml_single","comp_promo",2023-10-08,0,0
"impulse_pna_glass_500_620ml_1pack","c_discount_impulse_san_miguel_btl_660_ml_single","comp_promo",2022-03-13,-13598.7772577903,-13598.7772577903
"impulse_pna_glass_500_620ml_1pack","c_discount_impulse_san_miguel_btl_660_ml_single","comp_promo",2021-05-30,0,0
"impulse_pna_glass_500_620ml_1pack","c_discount_impulse_san_miguel_btl_660_ml_single","comp_promo",2023-08-27,0,0
"impulse_pna_glass_500_620ml_1pack","c_discount_impulse_san_miguel_btl_660_ml_single","comp_promo",2022-07-10,-9810.18261184953,-9810.18261184953
"impulse_pna_glass_500_620ml_1pack","c_discount_impulse_san_miguel_btl_660_ml_single","comp_promo",2021-06-27,-4977.76869983407,-4977.76869983407
"impulse_pna_glass_500_620ml_1pack","c_discount_impulse_san_miguel_btl_660_ml_single","comp_promo",2021-05-23,0,0
"impulse_pna_glass_500_620ml_1pack","c_discount_impulse_san_miguel_btl_660_ml_single","comp_promo",2023-11-26,0,0
"impulse_pna_glass_500_620ml_1pack","c_discount_impulse_san_miguel_btl_660_ml_single","comp_promo",2023-09-17,0,0
"impulse_pna_glass_500_620ml_1pack","c_discount_impulse_san_miguel_btl_660_ml_single","comp_promo",2021-09-19,-20931.2326025527,-20931.2326025527
"impulse_pna_glass_500_620ml_1pack","c_discount_impulse_san_miguel_btl_660_ml_single","comp_promo",2021-06-13,-3563.47519360642,-3563.47519360642
"impulse_pna_glass_500_620ml_1pack","c_discount_impulse_san_miguel_btl_660_ml_single","comp_promo",2023-10-15,0,0
"impulse_pna_glass_500_620ml_1pack","c_discount_impulse_san_miguel_btl_660_ml_single","comp_promo",2022-01-16,-18064.1983781034,-18064.1983781034
"impulse_pna_glass_500_620ml_1pack","c_discount_impulse_san_miguel_btl_660_ml_single","comp_promo",2022-10-23,0,0
"impulse_pna_glass_500_620ml_1pack","c_discount_impulse_san_miguel_btl_660_ml_single","comp_promo",2023-03-05,0,0
"impulse_pna_glass_500_620ml_1pack","c_discount_impulse_san_miguel_btl_660_ml_single","comp_promo",2021-09-05,-13145.5097264876,-13145.5097264876
"impulse_pna_glass_500_620ml_1pack","c_discount_impulse_san_miguel_btl_660_ml_single","comp_promo",2022-04-10,-20373.2464726372,-20373.2464726372
"impulse_pna_glass_500_620ml_1pack","c_discount_impulse_san_miguel_btl_660_ml_single","comp_promo",2021-02-21,-2668.58709393512,-2668.58709393512
"impulse_pna_glass_500_620ml_1pack","c_discount_impulse_san_miguel_btl_660_ml_single","comp_promo",2023-12-03,0,0
"impulse_pna_glass_500_620ml_1pack","c_discount_impulse_san_miguel_btl_660_ml_single","comp_promo",2023-09-24,0,0
"impulse_pna_glass_500_620ml_1pack","c_discount_impulse_san_miguel_btl_660_ml_single","comp_promo",2021-12-26,-13093.0935706302,-13093.0935706302
"impulse_pna_glass_500_620ml_1pack","c_discount_impulse_san_miguel_btl_660_ml_single","comp_promo",2022-11-06,0,0
"impulse_pna_glass_500_620ml_1pack","c_discount_impulse_san_miguel_btl_660_ml_single","comp_promo",2023-03-19,0,0
"impulse_pna_glass_500_620ml_1pack","c_discount_impulse_san_miguel_btl_660_ml_single","comp_promo",2023-06-18,0,0
"impulse_pna_glass_500_620ml_1pack","c_discount_impulse_san_miguel_btl_660_ml_single","comp_promo",2022-04-24,-16137.3024531711,-16137.3024531711
"impulse_pna_glass_500_620ml_1pack","c_discount_impulse_san_miguel_btl_660_ml_single","comp_promo",2022-03-20,-14231.6718935924,-14231.6718935924
"impulse_pna_glass_500_620ml_1pack","c_discount_impulse_san_miguel_btl_660_ml_single","comp_promo",2021-07-11,0,0
"impulse_pna_glass_500_620ml_1pack","c_discount_impulse_san_miguel_btl_660_ml_single","comp_promo",2023-05-07,0,0
"impulse_pna_glass_500_620ml_1pack","c_discount_impulse_san_miguel_btl_660_ml_single","comp_promo",2022-02-13,0,0
"impulse_pna_glass_500_620ml_1pack","c_discount_impulse_san_miguel_btl_660_ml_single","comp_promo",2021-07-04,-3893.7056562847,-3893.7056562847
"impulse_pna_glass_500_620ml_1pack","c_discount_impulse_san_miguel_btl_660_ml_single","comp_promo",2023-02-26,0,0
"impulse_pna_glass_500_620ml_1pack","c_discount_impulse_san_miguel_btl_660_ml_single","comp_promo",2022-12-18,0,0
"impulse_pna_glass_500_620ml_1pack","c_discount_impulse_san_miguel_btl_660_ml_single","comp_promo",2022-11-13,0,0
"impulse_pna_glass_500_620ml_1pack","c_discount_impulse_san_miguel_btl_660_ml_single","comp_promo",2021-09-26,-18968.6444701089,-18968.6444701089
"impulse_pna_glass_500_620ml_1pack","c_discount_impulse_san_miguel_btl_660_ml_single","comp_promo",2021-07-25,0,0
"impulse_pna_glass_500_620ml_1pack","c_discount_impulse_san_miguel_btl_660_ml_single","comp_promo",2023-10-22,0,0
"impulse_pna_glass_500_620ml_1pack","c_discount_impulse_san_miguel_btl_660_ml_single","comp_promo",2022-01-23,-18421.0295842654,-18421.0295842654
"impulse_pna_glass_500_620ml_1pack","c_discount_impulse_san_miguel_btl_660_ml_single","comp_promo",2021-07-18,0,0
"impulse_pna_glass_500_620ml_1pack","c_discount_impulse_san_miguel_btl_660_ml_single","comp_promo",2023-03-12,0,0
"impulse_pna_glass_500_620ml_1pack","c_discount_impulse_san_miguel_btl_660_ml_single","comp_promo",2023-06-11,0,0
"impulse_pna_glass_500_620ml_1pack","c_discount_impulse_san_miguel_btl_660_ml_single","comp_promo",2022-04-17,-20933.5596599597,-20933.5596599597
"impulse_pna_glass_500_620ml_1pack","c_discount_impulse_san_miguel_btl_660_ml_single","comp_promo",2021-02-28,-4918.79068881888,-4918.79068881888
"impulse_pna_glass_500_620ml_1pack","c_discount_impulse_san_miguel_btl_660_ml_single","comp_promo",2023-12-10,0,0
"impulse_pna_glass_500_620ml_1pack","c_discount_impulse_san_miguel_btl_660_ml_single","comp_promo",2023-10-01,0,0
"impulse_pna_glass_500_620ml_1pack","c_discount_impulse_san_miguel_btl_660_ml_single","comp_promo",2022-01-02,-15284.1947807936,-15284.1947807936
"impulse_pna_glass_500_620ml_1pack","c_discount_impulse_san_miguel_btl_660_ml_single","comp_promo",2021-08-01,0,0
"impulse_pna_glass_500_620ml_1pack","c_discount_impulse_san_miguel_btl_660_ml_single","comp_promo",2023-03-26,0,0
"impulse_pna_glass_500_620ml_1pack","c_discount_impulse_san_miguel_btl_660_ml_single","comp_promo",2023-06-25,0,0
"impulse_pna_glass_500_620ml_1pack","c_discount_impulse_san_miguel_btl_660_ml_single","comp_promo",2022-05-01,-17429.5807857482,-17429.5807857482
"impulse_pna_glass_500_620ml_1pack","c_discount_impulse_san_miguel_btl_660_ml_single","comp_promo",2022-03-27,-16902.5931520034,-16902.5931520034
"impulse_pna_glass_500_620ml_1pack","c_discount_impulse_san_miguel_btl_660_ml_single","comp_promo",2023-12-24,0,0
"impulse_pna_glass_500_620ml_1pack","c_discount_impulse_san_miguel_btl_660_ml_single","comp_promo",2023-05-14,0,0
"impulse_pna_glass_500_620ml_1pack","c_discount_impulse_san_miguel_btl_660_ml_single","comp_promo",2022-02-20,-9749.11816847331,-9749.11816847331
"impulse_pna_glass_500_620ml_1pack","c_discount_impulse_san_miguel_btl_660_ml_single","comp_promo",2023-12-17,0,0
"impulse_pna_glass_500_620ml_1pack","c_discount_impulse_san_miguel_btl_660_ml_single","comp_promo",2023-04-09,0,0
"impulse_pna_glass_500_620ml_1pack","c_discount_impulse_san_miguel_btl_660_ml_single","comp_promo",2022-12-25,0,0
"impulse_pna_glass_500_620ml_1pack","c_discount_impulse_san_miguel_btl_660_ml_single","comp_promo",2022-11-20,0,0
"impulse_pna_glass_500_620ml_1pack","c_discount_impulse_san_miguel_btl_660_ml_single","comp_promo",2021-10-03,-20654.7767611814,-20654.7767611814
"impulse_pna_glass_500_620ml_1pack","c_discount_impulse_san_miguel_btl_660_ml_single","comp_promo",2023-07-02,0,0
"impulse_pna_glass_500_620ml_1pack","c_discount_impulse_san_miguel_btl_660_ml_single","comp_promo",2023-05-28,0,0
"impulse_pna_glass_500_620ml_1pack","c_discount_impulse_san_miguel_btl_660_ml_single","comp_promo",2022-01-30,0,0
"impulse_pna_glass_500_620ml_1pack","c_discount_impulse_san_miguel_btl_660_ml_single","comp_promo",2023-07-30,0,0
"impulse_pna_glass_500_620ml_1pack","c_discount_impulse_san_miguel_btl_660_ml_single","comp_promo",2023-04-23,0,0
"impulse_pna_glass_500_620ml_1pack","c_discount_impulse_san_miguel_btl_660_ml_single","comp_promo",2023-01-08,0,0
"impulse_pna_glass_500_620ml_1pack","c_discount_impulse_san_miguel_btl_660_ml_single","comp_promo",2022-12-04,0,0
"impulse_pna_glass_500_620ml_1pack","c_discount_impulse_san_miguel_btl_660_ml_single","comp_promo",2021-03-07,-4635.91665661051,-4635.91665661051
"impulse_pna_glass_500_620ml_1pack","c_discount_impulse_san_miguel_btl_660_ml_single","comp_promo",2023-01-01,0,0
"impulse_pna_glass_500_620ml_1pack","c_discount_impulse_san_miguel_btl_660_ml_single","comp_promo",2022-11-27,0,0
"impulse_pna_glass_500_620ml_1pack","c_discount_impulse_san_miguel_btl_660_ml_single","comp_promo",2021-10-10,-17763.7775005035,-17763.7775005035
"impulse_pna_glass_500_620ml_1pack","c_discount_impulse_san_miguel_btl_660_ml_single","comp_promo",2023-07-09,0,0
"impulse_pna_glass_500_620ml_1pack","c_discount_impulse_san_miguel_btl_660_ml_single","comp_promo",2023-04-02,0,0
"impulse_pna_glass_500_620ml_1pack","c_discount_impulse_san_miguel_btl_660_ml_single","comp_promo",2022-06-12,-14082.3158260001,-14082.3158260001
"impulse_pna_glass_500_620ml_1pack","c_discount_impulse_san_miguel_btl_660_ml_single","comp_promo",2022-05-08,-16530.7376022509,-16530.7376022509
"impulse_pna_glass_500_620ml_1pack","c_discount_impulse_san_miguel_btl_660_ml_single","comp_promo",2022-04-03,-15185.755785175,-15185.755785175
"impulse_pna_glass_500_620ml_1pack","c_discount_impulse_san_miguel_btl_660_ml_single","comp_promo",2023-01-15,0,0
"impulse_pna_glass_500_620ml_1pack","c_discount_impulse_san_miguel_btl_660_ml_single","comp_promo",2023-05-21,0,0
"impulse_pna_glass_500_620ml_1pack","c_discount_impulse_san_miguel_btl_660_ml_single","comp_promo",2022-02-27,-12504.1708775727,-12504.1708775727
"impulse_pna_glass_500_620ml_1pack","c_discount_impulse_san_miguel_btl_660_ml_single","comp_promo",2023-07-23,0,0
"impulse_pna_glass_500_620ml_1pack","c_discount_impulse_san_miguel_btl_660_ml_single","comp_promo",2023-04-16,0,0
"impulse_pna_glass_500_620ml_1pack","c_discount_impulse_san_miguel_btl_660_ml_single","comp_promo",2021-10-17,-18645.3723355018,-18645.3723355018
"impulse_pna_glass_500_620ml_1pack","c_discount_impulse_san_miguel_btl_660_ml_single","comp_promo",2023-07-16,0,0
"impulse_pna_glass_500_620ml_1pack","c_discount_impulse_san_miguel_btl_660_ml_single","comp_promo",2022-05-22,-10976.7018684251,-10976.7018684251
"impulse_pna_glass_500_620ml_1pack","c_discount_impulse_san_miguel_btl_660_ml_single","comp_promo",2023-01-29,0,0
"impulse_pna_glass_500_620ml_1pack","c_discount_impulse_san_miguel_btl_660_ml_single","comp_promo",2023-06-04,0,0
"impulse_pna_glass_500_620ml_1pack","c_discount_impulse_san_miguel_btl_660_ml_single","comp_promo",2022-02-06,0,0
"impulse_pna_glass_500_620ml_1pack","c_discount_impulse_san_miguel_btl_660_ml_single","comp_promo",2023-08-06,0,0
"impulse_pna_glass_500_620ml_1pack","c_discount_impulse_san_miguel_btl_660_ml_single","comp_promo",2023-04-30,0,0
"impulse_pna_glass_500_620ml_1pack","c_discount_impulse_san_miguel_btl_660_ml_single","comp_promo",2021-03-21,-6808.13590773041,-6808.13590773041
"impulse_pna_glass_500_620ml_1pack","c_discount_impulse_san_miguel_btl_660_ml_single","comp_promo",2022-12-11,0,0
"impulse_pna_glass_500_620ml_1pack","c_discount_impulse_san_miguel_btl_660_ml_single","comp_promo",2021-03-14,-8155.38031094578,-8155.38031094578
"impulse_pna_glass_500_620ml_1pack","c_discount_impulse_san_miguel_btl_660_ml_single","comp_promo",2023-02-12,0,0
"impulse_pna_glass_500_620ml_1pack","c_discount_impulse_san_miguel_btl_660_ml_single","comp_promo",2022-05-29,-15019.8392318208,-15019.8392318208
"impulse_pna_glass_500_620ml_1pack","c_discount_impulse_san_miguel_btl_660_ml_single","comp_promo",2022-05-15,-15213.8048477648,-15213.8048477648
"impulse_pna_glass_500_620ml_1pack","c_discount_impulse_san_miguel_btl_660_ml_single","comp_promo",2023-02-05,0,0
"impulse_pna_glass_500_620ml_1pack","c_discount_impulse_san_miguel_btl_660_ml_single","comp_promo",2023-01-22,0,0
"impulse_pna_glass_500_620ml_1pack","c_discount_impulse_san_miguel_btl_660_ml_single","comp_promo",2021-04-04,-8889.28467070624,-8889.28467070624
"impulse_pna_glass_500_620ml_1pack","c_discount_impulse_san_miguel_btl_660_ml_single","comp_promo",2021-04-18,-5654.4367881002,-5654.4367881002
"impulse_pna_glass_500_620ml_1pack","c_discount_impulse_san_miguel_btl_660_ml_single","comp_promo",2021-03-28,-6641.556874028,-6641.556874028
"impulse_pna_glass_500_620ml_1pack","c_discount_impulse_san_miguel_btl_660_ml_single","comp_promo",2022-06-05,-11335.5230538706,-11335.5230538706
"impulse_pna_glass_500_620ml_1pack","c_discount_impulse_san_miguel_btl_660_ml_single","comp_promo",2021-10-24,-18330.107329272,-18330.107329272
"impulse_pna_glass_500_620ml_1pack","c_discount_impulse_san_miguel_btl_660_ml_single","comp_promo",2023-02-19,0,0
"impulse_pna_glass_500_620ml_1pack","c_discount_impulse_san_miguel_btl_660_ml_single","comp_promo",2021-04-11,-4368.18321933347,-4368.18321933347
"impulse_pna_glass_500_620ml_1pack","c_discount_impulse_san_miguel_btl_660_ml_single","comp_promo",2021-11-07,-16856.0616491702,-16856.0616491702
"impulse_pna_glass_500_620ml_1pack","c_discount_impulse_san_miguel_btl_660_ml_single","comp_promo",2023-08-13,0,0
"impulse_pna_glass_500_620ml_1pack","c_discount_impulse_san_miguel_btl_660_ml_single","comp_promo",2021-10-31,-15267.8307547211,-15267.8307547211
"impulse_pna_glass_500_620ml_1pack","c_discount_impulse_san_miguel_btl_660_ml_single","comp_promo",2021-11-14,-14310.462889673,-14310.462889673
"impulse_pna_glass_500_620ml_1pack","cm_total_stella_unf_sp_adstock30","competitor_media",2023-02-12,-0.0713165180315137,0
"impulse_pna_glass_500_620ml_1pack","cm_total_stella_unf_sp_adstock30","competitor_media",2023-02-26,-0.0064168956570054,0
"impulse_pna_glass_500_620ml_1pack","cm_total_stella_unf_sp_adstock30","competitor_media",2021-05-16,0,0
"impulse_pna_glass_500_620ml_1pack","cm_total_stella_unf_sp_adstock30","competitor_media",2023-02-19,-0.0213955446561765,0
"impulse_pna_glass_500_620ml_1pack","cm_total_stella_unf_sp_adstock30","competitor_media",2023-09-17,-28.1422944716532,-13.2976937849106
"impulse_pna_glass_500_620ml_1pack","cm_total_stella_unf_sp_adstock30","competitor_media",2021-11-07,0,0
"impulse_pna_glass_500_620ml_1pack","cm_total_stella_unf_sp_adstock30","competitor_media",2023-03-05,-0.00192683643695211,0
"impulse_pna_glass_500_620ml_1pack","cm_total_stella_unf_sp_adstock30","competitor_media",2022-07-24,-1813.962347348,-1561.23371153224
"impulse_pna_glass_500_620ml_1pack","cm_total_stella_unf_sp_adstock30","competitor_media",2023-10-01,-1508.21772298282,-2151.83500666698
"impulse_pna_glass_500_620ml_1pack","cm_total_stella_unf_sp_adstock30","competitor_media",2023-09-10,-62.7738163300144,0
"impulse_pna_glass_500_620ml_1pack","cm_total_stella_unf_sp_adstock30","competitor_media",2023-09-24,-8.44269542132349,0
"impulse_pna_glass_500_620ml_1pack","cm_total_stella_unf_sp_adstock30","competitor_media",2021-12-05,0,0
"impulse_pna_glass_500_620ml_1pack","cm_total_stella_unf_sp_adstock30","competitor_media",2021-11-21,0,0
"impulse_pna_glass_500_620ml_1pack","cm_total_stella_unf_sp_adstock30","competitor_media",2022-08-14,-3360.57277410845,-3935.3564965857
"impulse_pna_glass_500_620ml_1pack","cm_total_stella_unf_sp_adstock30","competitor_media",2022-07-31,-545.933216079732,0
"impulse_pna_glass_500_620ml_1pack","cm_total_stella_unf_sp_adstock30","competitor_media",2021-11-14,0,0
"impulse_pna_glass_500_620ml_1pack","cm_total_stella_unf_sp_adstock30","competitor_media",2023-10-15,-691.888600796877,-632.164779593951
"impulse_pna_glass_500_620ml_1pack","cm_total_stella_unf_sp_adstock30","competitor_media",2022-01-16,0,0
"impulse_pna_glass_500_620ml_1pack","cm_total_stella_unf_sp_adstock30","competitor_media",2023-10-08,-828.83891563225,-536.372206087829
"impulse_pna_glass_500_620ml_1pack","cm_total_stella_unf_sp_adstock30","competitor_media",2021-08-29,0,0
"impulse_pna_glass_500_620ml_1pack","cm_total_stella_unf_sp_adstock30","competitor_media",2021-05-23,0,0
"impulse_pna_glass_500_620ml_1pack","cm_total_stella_unf_sp_adstock30","competitor_media",2022-11-20,-3403.44645793899,-4809.93546924044
"impulse_pna_glass_500_620ml_1pack","cm_total_stella_unf_sp_adstock30","competitor_media",2021-07-25,0,0
"impulse_pna_glass_500_620ml_1pack","cm_total_stella_unf_sp_adstock30","competitor_media",2021-11-28,0,0
"impulse_pna_glass_500_620ml_1pack","cm_total_stella_unf_sp_adstock30","competitor_media",2022-08-07,-2055.95151063962,-2699.75943565283
"impulse_pna_glass_500_620ml_1pack","cm_total_stella_unf_sp_adstock30","competitor_media",2021-06-13,0,0
"impulse_pna_glass_500_620ml_1pack","cm_total_stella_unf_sp_adstock30","competitor_media",2023-03-12,-0.000577461684468831,0
"impulse_pna_glass_500_620ml_1pack","cm_total_stella_unf_sp_adstock30","competitor_media",2021-09-12,0,0
"impulse_pna_glass_500_620ml_1pack","cm_total_stella_unf_sp_adstock30","competitor_media",2021-06-06,0,0
"impulse_pna_glass_500_620ml_1pack","cm_total_stella_unf_sp_adstock30","competitor_media",2022-10-30,-1447.41049323533,0
"impulse_pna_glass_500_620ml_1pack","cm_total_stella_unf_sp_adstock30","competitor_media",2021-08-08,0,0
"impulse_pna_glass_500_620ml_1pack","cm_total_stella_unf_sp_adstock30","competitor_media",2021-12-12,0,0
"impulse_pna_glass_500_620ml_1pack","cm_total_stella_unf_sp_adstock30","competitor_media",2022-09-25,-1344.2112591983,-1177.27519427796
"impulse_pna_glass_500_620ml_1pack","cm_total_stella_unf_sp_adstock30","competitor_media",2022-08-21,-2369.42487354205,-1938.58785722138
"impulse_pna_glass_500_620ml_1pack","cm_total_stella_unf_sp_adstock30","competitor_media",2022-07-17,-2398.9040339731,-2101.16087025021
"impulse_pna_glass_500_620ml_1pack","cm_total_stella_unf_sp_adstock30","competitor_media",2021-09-26,0,0
"impulse_pna_glass_500_620ml_1pack","cm_total_stella_unf_sp_adstock30","competitor_media",2021-06-20,0,0
"impulse_pna_glass_500_620ml_1pack","cm_total_stella_unf_sp_adstock30","competitor_media",2023-03-19,-1473.99260658994,-2100.54072392317
"impulse_pna_glass_500_620ml_1pack","cm_total_stella_unf_sp_adstock30","competitor_media",2022-01-30,0,0
"impulse_pna_glass_500_620ml_1pack","cm_total_stella_unf_sp_adstock30","competitor_media",2021-12-26,0,0
"impulse_pna_glass_500_620ml_1pack","cm_total_stella_unf_sp_adstock30","competitor_media",2023-10-22,-1766.16320887448,-2222.50877953543
"impulse_pna_glass_500_620ml_1pack","cm_total_stella_unf_sp_adstock30","competitor_media",2022-01-23,0,0
"impulse_pna_glass_500_620ml_1pack","cm_total_stella_unf_sp_adstock30","competitor_media",2021-12-19,0,0
"impulse_pna_glass_500_620ml_1pack","cm_total_stella_unf_sp_adstock30","competitor_media",2021-09-05,0,0
"impulse_pna_glass_500_620ml_1pack","cm_total_stella_unf_sp_adstock30","competitor_media",2021-05-30,0,0
"impulse_pna_glass_500_620ml_1pack","cm_total_stella_unf_sp_adstock30","competitor_media",2022-11-27,-3487.80320964791,-3534.75767891229
"impulse_pna_glass_500_620ml_1pack","cm_total_stella_unf_sp_adstock30","competitor_media",2021-08-01,0,0
"impulse_pna_glass_500_620ml_1pack","cm_total_stella_unf_sp_adstock30","competitor_media",2021-06-27,0,0
"impulse_pna_glass_500_620ml_1pack","cm_total_stella_unf_sp_adstock30","competitor_media",2023-03-26,-2547.95794536021,-3000.42488761758
"impulse_pna_glass_500_620ml_1pack","cm_total_stella_unf_sp_adstock30","competitor_media",2022-02-06,0,0
"impulse_pna_glass_500_620ml_1pack","cm_total_stella_unf_sp_adstock30","competitor_media",2022-01-02,0,0
"impulse_pna_glass_500_620ml_1pack","cm_total_stella_unf_sp_adstock30","competitor_media",2021-09-19,0,0
"impulse_pna_glass_500_620ml_1pack","cm_total_stella_unf_sp_adstock30","competitor_media",2021-01-10,0,0
"impulse_pna_glass_500_620ml_1pack","cm_total_stella_unf_sp_adstock30","competitor_media",2022-11-06,-435.108242105271,0
"impulse_pna_glass_500_620ml_1pack","cm_total_stella_unf_sp_adstock30","competitor_media",2021-08-15,0,0
"impulse_pna_glass_500_620ml_1pack","cm_total_stella_unf_sp_adstock30","competitor_media",2021-01-03,0,0
"impulse_pna_glass_500_620ml_1pack","cm_total_stella_unf_sp_adstock30","competitor_media",2022-10-02,-403.972102018926,0
"impulse_pna_glass_500_620ml_1pack","cm_total_stella_unf_sp_adstock30","competitor_media",2022-08-28,-714.725450294365,0
"impulse_pna_glass_500_620ml_1pack","cm_total_stella_unf_sp_adstock30","competitor_media",2021-07-04,0,0
"impulse_pna_glass_500_620ml_1pack","cm_total_stella_unf_sp_adstock30","competitor_media",2021-10-03,0,0
"impulse_pna_glass_500_620ml_1pack","cm_total_stella_unf_sp_adstock30","competitor_media",2023-05-28,-2744.0796078032,-3489.32884056213
"impulse_pna_glass_500_620ml_1pack","cm_total_stella_unf_sp_adstock30","competitor_media",2022-12-25,-326.04420492678,0
"impulse_pna_glass_500_620ml_1pack","cm_total_stella_unf_sp_adstock30","competitor_media",2021-03-28,0,0
"impulse_pna_glass_500_620ml_1pack","cm_total_stella_unf_sp_adstock30","competitor_media",2021-01-17,0,0
"impulse_pna_glass_500_620ml_1pack","cm_total_stella_unf_sp_adstock30","competitor_media",2023-10-29,-3541.76184559379,-4322.5714070322
"impulse_pna_glass_500_620ml_1pack","cm_total_stella_unf_sp_adstock30","competitor_media",2022-09-11,-3249.60821093754,-4562.24403913939
"impulse_pna_glass_500_620ml_1pack","cm_total_stella_unf_sp_adstock30","competitor_media",2021-07-18,0,0
"impulse_pna_glass_500_620ml_1pack","cm_total_stella_unf_sp_adstock30","competitor_media",2021-10-17,0,0
"impulse_pna_glass_500_620ml_1pack","cm_total_stella_unf_sp_adstock30","competitor_media",2023-06-11,-1182.748954641,-1107.60428901304
"impulse_pna_glass_500_620ml_1pack","cm_total_stella_unf_sp_adstock30","competitor_media",2022-12-04,-1058.8650517991,0
"impulse_pna_glass_500_620ml_1pack","cm_total_stella_unf_sp_adstock30","competitor_media",2021-03-07,0,0
"impulse_pna_glass_500_620ml_1pack","cm_total_stella_unf_sp_adstock30","competitor_media",2023-06-04,-1356.37589318725,-754.448097200092
"impulse_pna_glass_500_620ml_1pack","cm_total_stella_unf_sp_adstock30","competitor_media",2023-04-02,-4671.61634018396,-5626.58007831784
"impulse_pna_glass_500_620ml_1pack","cm_total_stella_unf_sp_adstock30","competitor_media",2022-02-13,0,0
"impulse_pna_glass_500_620ml_1pack","cm_total_stella_unf_sp_adstock30","competitor_media",2022-01-09,0,0
"impulse_pna_glass_500_620ml_1pack","cm_total_stella_unf_sp_adstock30","competitor_media",2021-10-31,0,0
"impulse_pna_glass_500_620ml_1pack","cm_total_stella_unf_sp_adstock30","competitor_media",2023-06-25,-1695.61151015883,-1736.01340182212
"impulse_pna_glass_500_620ml_1pack","cm_total_stella_unf_sp_adstock30","competitor_media",2022-11-13,-130.556462857292,0
"impulse_pna_glass_500_620ml_1pack","cm_total_stella_unf_sp_adstock30","competitor_media",2021-08-22,0,0
"impulse_pna_glass_500_620ml_1pack","cm_total_stella_unf_sp_adstock30","competitor_media",2023-06-18,-1601.40024254337,-1781.21380579695
"impulse_pna_glass_500_620ml_1pack","cm_total_stella_unf_sp_adstock30","competitor_media",2022-10-09,-5695.5646026906,-8015.34312287747
"impulse_pna_glass_500_620ml_1pack","cm_total_stella_unf_sp_adstock30","competitor_media",2022-09-04,-214.524014727273,0
"impulse_pna_glass_500_620ml_1pack","cm_total_stella_unf_sp_adstock30","competitor_media",2021-07-11,0,0
"impulse_pna_glass_500_620ml_1pack","cm_total_stella_unf_sp_adstock30","competitor_media",2021-10-10,0,0
"impulse_pna_glass_500_620ml_1pack","cm_total_stella_unf_sp_adstock30","competitor_media",2022-02-20,0,0
"impulse_pna_glass_500_620ml_1pack","cm_total_stella_unf_sp_adstock30","competitor_media",2023-01-01,-97.8233559885573,0
"impulse_pna_glass_500_620ml_1pack","cm_total_stella_unf_sp_adstock30","competitor_media",2021-04-04,0,0
"impulse_pna_glass_500_620ml_1pack","cm_total_stella_unf_sp_adstock30","competitor_media",2021-01-24,0,0
"impulse_pna_glass_500_620ml_1pack","cm_total_stella_unf_sp_adstock30","competitor_media",2023-11-05,-2177.97536984424,-1582.13890088246
"impulse_pna_glass_500_620ml_1pack","cm_total_stella_unf_sp_adstock30","competitor_media",2022-09-18,-1725.7896205013,-1061.03071178628
"impulse_pna_glass_500_620ml_1pack","cm_total_stella_unf_sp_adstock30","competitor_media",2023-04-23,-3050.137991425,-3523.80813404732
"impulse_pna_glass_500_620ml_1pack","cm_total_stella_unf_sp_adstock30","competitor_media",2021-10-24,0,0
"impulse_pna_glass_500_620ml_1pack","cm_total_stella_unf_sp_adstock30","competitor_media",2022-03-06,0,0
"impulse_pna_glass_500_620ml_1pack","cm_total_stella_unf_sp_adstock30","competitor_media",2022-12-11,-3573.6326662408,-4675.1203858381
"impulse_pna_glass_500_620ml_1pack","cm_total_stella_unf_sp_adstock30","competitor_media",2021-03-14,0,0
"impulse_pna_glass_500_620ml_1pack","cm_total_stella_unf_sp_adstock30","competitor_media",2023-07-16,-1830.78321332846,-1686.08318818405
"impulse_pna_glass_500_620ml_1pack","cm_total_stella_unf_sp_adstock30","competitor_media",2023-04-09,-2895.65596259627,-2107.31055509026
"impulse_pna_glass_500_620ml_1pack","cm_total_stella_unf_sp_adstock30","competitor_media",2021-04-11,0,0
"impulse_pna_glass_500_620ml_1pack","cm_total_stella_unf_sp_adstock30","competitor_media",2021-01-31,0,0
"impulse_pna_glass_500_620ml_1pack","cm_total_stella_unf_sp_adstock30","competitor_media",2023-08-06,-2432.16214809896,-3001.03445313396
"impulse_pna_glass_500_620ml_1pack","cm_total_stella_unf_sp_adstock30","competitor_media",2023-07-02,-1693.44248891326,-1691.83535578402
"impulse_pna_glass_500_620ml_1pack","cm_total_stella_unf_sp_adstock30","competitor_media",2022-06-19,-18681.1044640145,-22629.063259121
"impulse_pna_glass_500_620ml_1pack","cm_total_stella_unf_sp_adstock30","competitor_media",2021-05-02,0,0
"impulse_pna_glass_500_620ml_1pack","cm_total_stella_unf_sp_adstock30","competitor_media",2023-07-30,-1119.09829749948,-1231.10023223453
"impulse_pna_glass_500_620ml_1pack","cm_total_stella_unf_sp_adstock30","competitor_media",2022-10-16,-3850.82615948431,-3010.92204973779
"impulse_pna_glass_500_620ml_1pack","cm_total_stella_unf_sp_adstock30","competitor_media",2021-03-21,0,0
"impulse_pna_glass_500_620ml_1pack","cm_total_stella_unf_sp_adstock30","competitor_media",2021-02-14,0,0
"impulse_pna_glass_500_620ml_1pack","cm_total_stella_unf_sp_adstock30","competitor_media",2023-08-20,-2292.90226947181,-2792.55485671643
"impulse_pna_glass_500_620ml_1pack","cm_total_stella_unf_sp_adstock30","competitor_media",2022-02-27,0,0
"impulse_pna_glass_500_620ml_1pack","cm_total_stella_unf_sp_adstock30","competitor_media",2023-01-08,-29.3472770465618,0
"impulse_pna_glass_500_620ml_1pack","cm_total_stella_unf_sp_adstock30","competitor_media",2023-08-13,-1142.16327271204,-583.674280950651
"impulse_pna_glass_500_620ml_1pack","cm_total_stella_unf_sp_adstock30","competitor_media",2023-07-09,-2167.99277863971,-2374.31998409001
"impulse_pna_glass_500_620ml_1pack","cm_total_stella_unf_sp_adstock30","competitor_media",2023-11-12,-1249.00941021641,-847.462962815926
"impulse_pna_glass_500_620ml_1pack","cm_total_stella_unf_sp_adstock30","competitor_media",2022-03-20,-89.9182582094503,-128.452164094911
"impulse_pna_glass_500_620ml_1pack","cm_total_stella_unf_sp_adstock30","competitor_media",2023-04-30,-1747.81943395777,-1181.35456185067
"impulse_pna_glass_500_620ml_1pack","cm_total_stella_unf_sp_adstock30","competitor_media",2023-09-03,-209.237163957169,-2.10434676202766
"impulse_pna_glass_500_620ml_1pack","cm_total_stella_unf_sp_adstock30","competitor_media",2022-03-13,0,0
"impulse_pna_glass_500_620ml_1pack","cm_total_stella_unf_sp_adstock30","competitor_media",2022-12-18,-1085.57057697499,0
"impulse_pna_glass_500_620ml_1pack","cm_total_stella_unf_sp_adstock30","competitor_media",2023-08-27,-692.225351229791,-1.17805381697888
"impulse_pna_glass_500_620ml_1pack","cm_total_stella_unf_sp_adstock30","competitor_media",2023-07-23,-855.003496933519,-434.389866116635
"impulse_pna_glass_500_620ml_1pack","cm_total_stella_unf_sp_adstock30","competitor_media",2023-04-16,-1974.02552196327,-1571.29926038083
"impulse_pna_glass_500_620ml_1pack","cm_total_stella_unf_sp_adstock30","competitor_media",2021-04-18,0,0
"impulse_pna_glass_500_620ml_1pack","cm_total_stella_unf_sp_adstock30","competitor_media",2021-02-07,0,0
"impulse_pna_glass_500_620ml_1pack","cm_total_stella_unf_sp_adstock30","competitor_media",2023-11-19,-1465.13382650496,-1557.67470505117
"impulse_pna_glass_500_620ml_1pack","cm_total_stella_unf_sp_adstock30","competitor_media",2022-03-27,-26.9756891781294,0
"impulse_pna_glass_500_620ml_1pack","cm_total_stella_unf_sp_adstock30","competitor_media",2022-06-26,-8633.26576959904,0
"impulse_pna_glass_500_620ml_1pack","cm_total_stella_unf_sp_adstock30","competitor_media",2021-05-09,0,0
"impulse_pna_glass_500_620ml_1pack","cm_total_stella_unf_sp_adstock30","competitor_media",2022-04-24,-0.218504430432476,0
"impulse_pna_glass_500_620ml_1pack","cm_total_stella_unf_sp_adstock30","competitor_media",2022-10-23,-4720.0474713939,-5140.45408603984
"impulse_pna_glass_500_620ml_1pack","cm_total_stella_unf_sp_adstock30","competitor_media",2023-12-10,-1811.97183802867,-1592.21888623248
"impulse_pna_glass_500_620ml_1pack","cm_total_stella_unf_sp_adstock30","competitor_media",2021-02-21,0,0
"impulse_pna_glass_500_620ml_1pack","cm_total_stella_unf_sp_adstock30","competitor_media",2023-12-03,-2315.33276195005,-2689.95730111691
"impulse_pna_glass_500_620ml_1pack","cm_total_stella_unf_sp_adstock30","competitor_media",2022-04-10,-2.42781389529497,0
"impulse_pna_glass_500_620ml_1pack","cm_total_stella_unf_sp_adstock30","competitor_media",2023-01-15,-8.80419224222862,0
"impulse_pna_glass_500_620ml_1pack","cm_total_stella_unf_sp_adstock30","competitor_media",2023-11-26,-1448.32926015232,-1439.72522302322
"impulse_pna_glass_500_620ml_1pack","cm_total_stella_unf_sp_adstock30","competitor_media",2022-04-03,-8.09271246983978,0
"impulse_pna_glass_500_620ml_1pack","cm_total_stella_unf_sp_adstock30","competitor_media",2022-07-03,-4068.01714398774,-1862.67974310209
"impulse_pna_glass_500_620ml_1pack","cm_total_stella_unf_sp_adstock30","competitor_media",2023-12-24,-926.600584880599,-0.420504894055841
"impulse_pna_glass_500_620ml_1pack","cm_total_stella_unf_sp_adstock30","competitor_media",2023-05-07,-1229.46208867989,-1005.81417897152
"impulse_pna_glass_500_620ml_1pack","cm_total_stella_unf_sp_adstock30","competitor_media",2023-12-17,-3059.59622046775,-3609.27250225104
"impulse_pna_glass_500_620ml_1pack","cm_total_stella_unf_sp_adstock30","competitor_media",2022-05-29,-17933.348404142,-18396.4090552666
"impulse_pna_glass_500_620ml_1pack","cm_total_stella_unf_sp_adstock30","competitor_media",2023-01-29,-0.792377602485406,0
"impulse_pna_glass_500_620ml_1pack","cm_total_stella_unf_sp_adstock30","competitor_media",2023-05-21,-1027.27081448328,-825.61132471014
"impulse_pna_glass_500_620ml_1pack","cm_total_stella_unf_sp_adstock30","competitor_media",2022-04-17,-0.728344172755754,0
"impulse_pna_glass_500_620ml_1pack","cm_total_stella_unf_sp_adstock30","competitor_media",2023-01-22,-2.64125669290988,0
"impulse_pna_glass_500_620ml_1pack","cm_total_stella_unf_sp_adstock30","competitor_media",2021-04-25,0,0
"impulse_pna_glass_500_620ml_1pack","cm_total_stella_unf_sp_adstock30","competitor_media",2021-02-28,0,0
"impulse_pna_glass_500_620ml_1pack","cm_total_stella_unf_sp_adstock30","competitor_media",2022-07-10,-3085.6141947928,-2655.1836572564
"impulse_pna_glass_500_620ml_1pack","cm_total_stella_unf_sp_adstock30","competitor_media",2022-05-08,-0.0196690520689404,0
"impulse_pna_glass_500_620ml_1pack","cm_total_stella_unf_sp_adstock30","competitor_media",2023-05-14,-1492.98542602965,-1606.19586646946
"impulse_pna_glass_500_620ml_1pack","cm_total_stella_unf_sp_adstock30","competitor_media",2022-05-15,-16896.8163383243,-23837.2220355826
"impulse_pna_glass_500_620ml_1pack","cm_total_stella_unf_sp_adstock30","competitor_media",2022-05-01,-0.0655536861192479,0
"impulse_pna_glass_500_620ml_1pack","cm_total_stella_unf_sp_adstock30","competitor_media",2023-02-05,-0.237713870137116,0
"impulse_pna_glass_500_620ml_1pack","cm_total_stella_unf_sp_adstock30","competitor_media",2022-05-22,-17386.5188769894,-17610.2109577947
"impulse_pna_glass_500_620ml_1pack","cm_total_stella_unf_sp_adstock30","competitor_media",2022-06-12,-18052.3547562498,-18490.1153351919
"impulse_pna_glass_500_620ml_1pack","cm_total_stella_unf_sp_adstock30","competitor_media",2022-06-05,-18246.9400931757,-18832.1123356121
"impulse_pna_glass_500_620ml_1pack","dummy_month_aug","seasonality",2022-07-24,0,0
"impulse_pna_glass_500_620ml_1pack","dummy_month_aug","seasonality",2021-12-26,0,0
"impulse_pna_glass_500_620ml_1pack","dummy_month_aug","seasonality",2022-10-16,0,0
"impulse_pna_glass_500_620ml_1pack","dummy_month_aug","seasonality",2022-01-09,0,0
"impulse_pna_glass_500_620ml_1pack","dummy_month_aug","seasonality",2022-08-28,3761.32475349126,3761.32475349126
"impulse_pna_glass_500_620ml_1pack","dummy_month_aug","seasonality",2022-06-19,0,0
"impulse_pna_glass_500_620ml_1pack","dummy_month_aug","seasonality",2021-04-25,0,0
"impulse_pna_glass_500_620ml_1pack","dummy_month_aug","seasonality",2022-09-11,0,0
"impulse_pna_glass_500_620ml_1pack","dummy_month_aug","seasonality",2022-08-21,6582.31832354645,6582.31832354645
"impulse_pna_glass_500_620ml_1pack","dummy_month_aug","seasonality",2021-11-21,0,0
"impulse_pna_glass_500_620ml_1pack","dummy_month_aug","seasonality",2022-07-31,5641.98713352806,5641.98713352806
"impulse_pna_glass_500_620ml_1pack","dummy_month_aug","seasonality",2022-10-02,0,0
"impulse_pna_glass_500_620ml_1pack","dummy_month_aug","seasonality",2021-12-05,0,0
"impulse_pna_glass_500_620ml_1pack","dummy_month_aug","seasonality",2022-09-25,0,0
"impulse_pna_glass_500_620ml_1pack","dummy_month_aug","seasonality",2022-10-30,0,0
"impulse_pna_glass_500_620ml_1pack","dummy_month_aug","seasonality",2021-08-08,6582.31832354645,6582.31832354645
"impulse_pna_glass_500_620ml_1pack","dummy_month_aug","seasonality",2022-06-26,0,0
"impulse_pna_glass_500_620ml_1pack","dummy_month_aug","seasonality",2022-10-23,0,0
"impulse_pna_glass_500_620ml_1pack","dummy_month_aug","seasonality",2022-01-02,0,0
"impulse_pna_glass_500_620ml_1pack","dummy_month_aug","seasonality",2022-08-14,6582.31832354645,6582.31832354645
"impulse_pna_glass_500_620ml_1pack","dummy_month_aug","seasonality",2021-11-28,0,0
"impulse_pna_glass_500_620ml_1pack","dummy_month_aug","seasonality",2022-08-07,6582.31832354645,6582.31832354645
"impulse_pna_glass_500_620ml_1pack","dummy_month_aug","seasonality",2022-10-09,0,0
"impulse_pna_glass_500_620ml_1pack","dummy_month_aug","seasonality",2022-09-04,0,0
"impulse_pna_glass_500_620ml_1pack","dummy_month_aug","seasonality",2022-01-23,0,0
"impulse_pna_glass_500_620ml_1pack","dummy_month_aug","seasonality",2022-11-06,0,0
"impulse_pna_glass_500_620ml_1pack","dummy_month_aug","seasonality",2022-01-16,0,0
"impulse_pna_glass_500_620ml_1pack","dummy_month_aug","seasonality",2022-02-20,0,0
"impulse_pna_glass_500_620ml_1pack","dummy_month_aug","seasonality",2021-12-12,0,0
"impulse_pna_glass_500_620ml_1pack","dummy_month_aug","seasonality",2022-02-13,0,0
"impulse_pna_glass_500_620ml_1pack","dummy_month_aug","seasonality",2021-05-02,0,0
"impulse_pna_glass_500_620ml_1pack","dummy_month_aug","seasonality",2022-09-18,0,0
"impulse_pna_glass_500_620ml_1pack","dummy_month_aug","seasonality",2021-01-17,0,0
"impulse_pna_glass_500_620ml_1pack","dummy_month_aug","seasonality",2022-03-06,0,0
"impulse_pna_glass_500_620ml_1pack","dummy_month_aug","seasonality",2021-01-10,0,0
"impulse_pna_glass_500_620ml_1pack","dummy_month_aug","seasonality",2022-01-30,0,0
"impulse_pna_glass_500_620ml_1pack","dummy_month_aug","seasonality",2022-07-03,0,0
"impulse_pna_glass_500_620ml_1pack","dummy_month_aug","seasonality",2021-01-03,0,0
"impulse_pna_glass_500_620ml_1pack","dummy_month_aug","seasonality",2021-05-16,0,0
"impulse_pna_glass_500_620ml_1pack","dummy_month_aug","seasonality",2021-08-15,6582.31832354645,6582.31832354645
"impulse_pna_glass_500_620ml_1pack","dummy_month_aug","seasonality",2021-01-31,0,0
"impulse_pna_glass_500_620ml_1pack","dummy_month_aug","seasonality",2022-03-20,0,0
"impulse_pna_glass_500_620ml_1pack","dummy_month_aug","seasonality",2023-09-10,0,0
"impulse_pna_glass_500_620ml_1pack","dummy_month_aug","seasonality",2023-05-07,0,0
"impulse_pna_glass_500_620ml_1pack","dummy_month_aug","seasonality",2022-07-17,0,0
"impulse_pna_glass_500_620ml_1pack","dummy_month_aug","seasonality",2023-09-03,0,0
"impulse_pna_glass_500_620ml_1pack","dummy_month_aug","seasonality",2021-05-30,0,0
"impulse_pna_glass_500_620ml_1pack","dummy_month_aug","seasonality",2021-08-29,2820.99357005519,2820.99357005519
"impulse_pna_glass_500_620ml_1pack","dummy_month_aug","seasonality",2021-02-14,0,0
"impulse_pna_glass_500_620ml_1pack","dummy_month_aug","seasonality",2022-11-13,0,0
"impulse_pna_glass_500_620ml_1pack","dummy_month_aug","seasonality",2023-08-20,6582.31832354645,6582.31832354645
"impulse_pna_glass_500_620ml_1pack","dummy_month_aug","seasonality",2022-02-27,0,0
"impulse_pna_glass_500_620ml_1pack","dummy_month_aug","seasonality",2021-12-19,0,0
"impulse_pna_glass_500_620ml_1pack","dummy_month_aug","seasonality",2023-09-17,0,0
"impulse_pna_glass_500_620ml_1pack","dummy_month_aug","seasonality",2021-05-09,0,0
"impulse_pna_glass_500_620ml_1pack","dummy_month_aug","seasonality",2021-09-12,0,0
"impulse_pna_glass_500_620ml_1pack","dummy_month_aug","seasonality",2021-01-24,0,0
"impulse_pna_glass_500_620ml_1pack","dummy_month_aug","seasonality",2022-03-13,0,0
"impulse_pna_glass_500_620ml_1pack","dummy_month_aug","seasonality",2021-09-05,0,0
"impulse_pna_glass_500_620ml_1pack","dummy_month_aug","seasonality",2022-02-06,0,0
"impulse_pna_glass_500_620ml_1pack","dummy_month_aug","seasonality",2022-07-10,0,0
"impulse_pna_glass_500_620ml_1pack","dummy_month_aug","seasonality",2023-08-27,4701.65594350966,4701.65594350966
"impulse_pna_glass_500_620ml_1pack","dummy_month_aug","seasonality",2021-05-23,0,0
"impulse_pna_glass_500_620ml_1pack","dummy_month_aug","seasonality",2021-08-22,6582.31832354645,6582.31832354645
"impulse_pna_glass_500_620ml_1pack","dummy_month_aug","seasonality",2021-02-07,0,0
"impulse_pna_glass_500_620ml_1pack","dummy_month_aug","seasonality",2022-03-27,0,0
"impulse_pna_glass_500_620ml_1pack","dummy_month_aug","seasonality",2021-09-19,0,0
"impulse_pna_glass_500_620ml_1pack","dummy_month_aug","seasonality",2023-05-14,0,0
"impulse_pna_glass_500_620ml_1pack","dummy_month_aug","seasonality",2023-10-15,0,0
"impulse_pna_glass_500_620ml_1pack","dummy_month_aug","seasonality",2021-07-11,0,0
"impulse_pna_glass_500_620ml_1pack","dummy_month_aug","seasonality",2021-06-06,0,0
"impulse_pna_glass_500_620ml_1pack","dummy_month_aug","seasonality",2022-05-15,0,0
"impulse_pna_glass_500_620ml_1pack","dummy_month_aug","seasonality",2021-02-21,0,0
"impulse_pna_glass_500_620ml_1pack","dummy_month_aug","seasonality",2022-11-20,0,0
"impulse_pna_glass_500_620ml_1pack","dummy_month_aug","seasonality",2023-12-03,0,0
"impulse_pna_glass_500_620ml_1pack","dummy_month_aug","seasonality",2023-05-28,0,0
"impulse_pna_glass_500_620ml_1pack","dummy_month_aug","seasonality",2023-09-24,0,0
"impulse_pna_glass_500_620ml_1pack","dummy_month_aug","seasonality",2021-07-25,0,0
"impulse_pna_glass_500_620ml_1pack","dummy_month_aug","seasonality",2021-06-20,0,0
"impulse_pna_glass_500_620ml_1pack","dummy_month_aug","seasonality",2022-05-29,0,0
"impulse_pna_glass_500_620ml_1pack","dummy_month_aug","seasonality",2021-03-07,0,0
"impulse_pna_glass_500_620ml_1pack","dummy_month_aug","seasonality",2022-12-04,0,0
"impulse_pna_glass_500_620ml_1pack","dummy_month_aug","seasonality",2023-12-17,0,0
"impulse_pna_glass_500_620ml_1pack","dummy_month_aug","seasonality",2023-06-11,0,0
"impulse_pna_glass_500_620ml_1pack","dummy_month_aug","seasonality",2023-10-08,0,0
"impulse_pna_glass_500_620ml_1pack","dummy_month_aug","seasonality",2021-07-04,0,0
"impulse_pna_glass_500_620ml_1pack","dummy_month_aug","seasonality",2023-04-02,0,0
"impulse_pna_glass_500_620ml_1pack","dummy_month_aug","seasonality",2022-06-12,0,0
"impulse_pna_glass_500_620ml_1pack","dummy_month_aug","seasonality",2021-03-21,0,0
"impulse_pna_glass_500_620ml_1pack","dummy_month_aug","seasonality",2022-04-03,0,0
"impulse_pna_glass_500_620ml_1pack","dummy_month_aug","seasonality",2021-09-26,0,0
"impulse_pna_glass_500_620ml_1pack","dummy_month_aug","seasonality",2023-05-21,0,0
"impulse_pna_glass_500_620ml_1pack","dummy_month_aug","seasonality",2023-10-22,0,0
"impulse_pna_glass_500_620ml_1pack","dummy_month_aug","seasonality",2021-07-18,0,0
"impulse_pna_glass_500_620ml_1pack","dummy_month_aug","seasonality",2021-06-13,0,0
"impulse_pna_glass_500_620ml_1pack","dummy_month_aug","seasonality",2022-05-22,0,0
"impulse_pna_glass_500_620ml_1pack","dummy_month_aug","seasonality",2021-02-28,0,0
"impulse_pna_glass_500_620ml_1pack","dummy_month_aug","seasonality",2022-11-27,0,0
"impulse_pna_glass_500_620ml_1pack","dummy_month_aug","seasonality",2023-12-10,0,0
"impulse_pna_glass_500_620ml_1pack","dummy_month_aug","seasonality",2023-06-04,0,0
"impulse_pna_glass_500_620ml_1pack","dummy_month_aug","seasonality",2023-10-01,0,0
"impulse_pna_glass_500_620ml_1pack","dummy_month_aug","seasonality",2021-08-01,6582.31832354645,6582.31832354645
"impulse_pna_glass_500_620ml_1pack","dummy_month_aug","seasonality",2021-06-27,0,0
"impulse_pna_glass_500_620ml_1pack","dummy_month_aug","seasonality",2022-06-05,0,0
"impulse_pna_glass_500_620ml_1pack","dummy_month_aug","seasonality",2021-03-14,0,0
"impulse_pna_glass_500_620ml_1pack","dummy_month_aug","seasonality",2022-12-11,0,0
"impulse_pna_glass_500_620ml_1pack","dummy_month_aug","seasonality",2023-12-24,0,0
"impulse_pna_glass_500_620ml_1pack","dummy_month_aug","seasonality",2023-06-18,0,0
"impulse_pna_glass_500_620ml_1pack","dummy_month_aug","seasonality",2023-11-19,0,0
"impulse_pna_glass_500_620ml_1pack","dummy_month_aug","seasonality",2023-07-16,0,0
"impulse_pna_glass_500_620ml_1pack","dummy_month_aug","seasonality",2023-04-09,0,0
"impulse_pna_glass_500_620ml_1pack","dummy_month_aug","seasonality",2023-01-29,0,0
"impulse_pna_glass_500_620ml_1pack","dummy_month_aug","seasonality",2021-03-28,0,0
"impulse_pna_glass_500_620ml_1pack","dummy_month_aug","seasonality",2022-04-10,0,0
"impulse_pna_glass_500_620ml_1pack","dummy_month_aug","seasonality",2021-10-03,0,0
"impulse_pna_glass_500_620ml_1pack","dummy_month_aug","seasonality",2023-07-02,0,0
"impulse_pna_glass_500_620ml_1pack","dummy_month_aug","seasonality",2023-10-29,0,0
"impulse_pna_glass_500_620ml_1pack","dummy_month_aug","seasonality",2023-07-30,4701.65594350966,4701.65594350966
"impulse_pna_glass_500_620ml_1pack","dummy_month_aug","seasonality",2023-04-23,0,0
"impulse_pna_glass_500_620ml_1pack","dummy_month_aug","seasonality",2023-02-12,0,0
"impulse_pna_glass_500_620ml_1pack","dummy_month_aug","seasonality",2021-04-11,0,0
"impulse_pna_glass_500_620ml_1pack","dummy_month_aug","seasonality",2021-10-17,0,0
"impulse_pna_glass_500_620ml_1pack","dummy_month_aug","seasonality",2023-02-05,0,0
"impulse_pna_glass_500_620ml_1pack","dummy_month_aug","seasonality",2021-04-04,0,0
"impulse_pna_glass_500_620ml_1pack","dummy_month_aug","seasonality",2023-11-12,0,0
"impulse_pna_glass_500_620ml_1pack","dummy_month_aug","seasonality",2021-10-10,0,0
"impulse_pna_glass_500_620ml_1pack","dummy_month_aug","seasonality",2023-07-09,0,0
"impulse_pna_glass_500_620ml_1pack","dummy_month_aug","seasonality",2023-01-22,0,0
"impulse_pna_glass_500_620ml_1pack","dummy_month_aug","seasonality",2022-05-08,0,0
"impulse_pna_glass_500_620ml_1pack","dummy_month_aug","seasonality",2022-12-18,0,0
"impulse_pna_glass_500_620ml_1pack","dummy_month_aug","seasonality",2023-02-19,0,0
"impulse_pna_glass_500_620ml_1pack","dummy_month_aug","seasonality",2023-06-25,0,0
"impulse_pna_glass_500_620ml_1pack","dummy_month_aug","seasonality",2023-11-26,0,0
"impulse_pna_glass_500_620ml_1pack","dummy_month_aug","seasonality",2023-07-23,0,0
"impulse_pna_glass_500_620ml_1pack","dummy_month_aug","seasonality",2023-04-16,0,0
"impulse_pna_glass_500_620ml_1pack","dummy_month_aug","seasonality",2022-04-24,0,0
"impulse_pna_glass_500_620ml_1pack","dummy_month_aug","seasonality",2023-03-12,0,0
"impulse_pna_glass_500_620ml_1pack","dummy_month_aug","seasonality",2022-04-17,0,0
"impulse_pna_glass_500_620ml_1pack","dummy_month_aug","seasonality",2023-03-05,0,0
"impulse_pna_glass_500_620ml_1pack","dummy_month_aug","seasonality",2023-08-13,6582.31832354645,6582.31832354645
"impulse_pna_glass_500_620ml_1pack","dummy_month_aug","seasonality",2023-11-05,0,0
"impulse_pna_glass_500_620ml_1pack","dummy_month_aug","seasonality",2023-08-06,6582.31832354645,6582.31832354645
"impulse_pna_glass_500_620ml_1pack","dummy_month_aug","seasonality",2023-04-30,0,0
"impulse_pna_glass_500_620ml_1pack","dummy_month_aug","seasonality",2021-10-31,0,0
"impulse_pna_glass_500_620ml_1pack","dummy_month_aug","seasonality",2021-04-18,0,0
"impulse_pna_glass_500_620ml_1pack","dummy_month_aug","seasonality",2021-10-24,0,0
"impulse_pna_glass_500_620ml_1pack","dummy_month_aug","seasonality",2023-03-19,0,0
"impulse_pna_glass_500_620ml_1pack","dummy_month_aug","seasonality",2023-01-15,0,0
"impulse_pna_glass_500_620ml_1pack","dummy_month_aug","seasonality",2021-11-14,0,0
"impulse_pna_glass_500_620ml_1pack","dummy_month_aug","seasonality",2023-01-08,0,0
"impulse_pna_glass_500_620ml_1pack","dummy_month_aug","seasonality",2023-02-26,0,0
"impulse_pna_glass_500_620ml_1pack","dummy_month_aug","seasonality",2023-01-01,0,0
"impulse_pna_glass_500_620ml_1pack","dummy_month_aug","seasonality",2022-12-25,0,0
"impulse_pna_glass_500_620ml_1pack","dummy_month_aug","seasonality",2022-05-01,0,0
"impulse_pna_glass_500_620ml_1pack","dummy_month_aug","seasonality",2023-03-26,0,0
"impulse_pna_glass_500_620ml_1pack","dummy_month_aug","seasonality",2021-11-07,0,0
"impulse_pna_glass_500_620ml_1pack","dummy_month_dec","seasonality",2022-07-24,0,0
"impulse_pna_glass_500_620ml_1pack","dummy_month_dec","seasonality",2021-12-12,-13687.911307441,-13687.911307441
"impulse_pna_glass_500_620ml_1pack","dummy_month_dec","seasonality",2022-08-07,0,0
"impulse_pna_glass_500_620ml_1pack","dummy_month_dec","seasonality",2021-11-21,0,0
"impulse_pna_glass_500_620ml_1pack","dummy_month_dec","seasonality",2022-10-02,0,0
"impulse_pna_glass_500_620ml_1pack","dummy_month_dec","seasonality",2022-08-28,0,0
"impulse_pna_glass_500_620ml_1pack","dummy_month_dec","seasonality",2022-09-25,0,0
"impulse_pna_glass_500_620ml_1pack","dummy_month_dec","seasonality",2022-10-16,0,0
"impulse_pna_glass_500_620ml_1pack","dummy_month_dec","seasonality",2022-08-21,0,0
"impulse_pna_glass_500_620ml_1pack","dummy_month_dec","seasonality",2021-12-05,-13687.911307441,-13687.911307441
"impulse_pna_glass_500_620ml_1pack","dummy_month_dec","seasonality",2022-07-17,0,0
"impulse_pna_glass_500_620ml_1pack","dummy_month_dec","seasonality",2022-10-30,0,0
"impulse_pna_glass_500_620ml_1pack","dummy_month_dec","seasonality",2023-01-22,0,0
"impulse_pna_glass_500_620ml_1pack","dummy_month_dec","seasonality",2022-09-11,0,0
"impulse_pna_glass_500_620ml_1pack","dummy_month_dec","seasonality",2022-01-30,0,0
"impulse_pna_glass_500_620ml_1pack","dummy_month_dec","seasonality",2022-10-09,0,0
"impulse_pna_glass_500_620ml_1pack","dummy_month_dec","seasonality",2022-07-31,0,0
"impulse_pna_glass_500_620ml_1pack","dummy_month_dec","seasonality",2022-07-03,0,0
"impulse_pna_glass_500_620ml_1pack","dummy_month_dec","seasonality",2021-12-19,-13687.911307441,-13687.911307441
"impulse_pna_glass_500_620ml_1pack","dummy_month_dec","seasonality",2021-01-03,0,0
"impulse_pna_glass_500_620ml_1pack","dummy_month_dec","seasonality",2022-06-26,0,0
"impulse_pna_glass_500_620ml_1pack","dummy_month_dec","seasonality",2023-06-11,0,0
"impulse_pna_glass_500_620ml_1pack","dummy_month_dec","seasonality",2022-06-19,0,0
"impulse_pna_glass_500_620ml_1pack","dummy_month_dec","seasonality",2022-10-23,0,0
"impulse_pna_glass_500_620ml_1pack","dummy_month_dec","seasonality",2022-08-14,0,0
"impulse_pna_glass_500_620ml_1pack","dummy_month_dec","seasonality",2022-02-06,0,0
"impulse_pna_glass_500_620ml_1pack","dummy_month_dec","seasonality",2021-11-28,-7821.66359838574,-7821.66359838574
"impulse_pna_glass_500_620ml_1pack","dummy_month_dec","seasonality",2021-02-14,0,0
"impulse_pna_glass_500_620ml_1pack","dummy_month_dec","seasonality",2022-07-10,0,0
"impulse_pna_glass_500_620ml_1pack","dummy_month_dec","seasonality",2022-09-04,0,0
"impulse_pna_glass_500_620ml_1pack","dummy_month_dec","seasonality",2021-01-10,0,0
"impulse_pna_glass_500_620ml_1pack","dummy_month_dec","seasonality",2022-11-06,0,0
"impulse_pna_glass_500_620ml_1pack","dummy_month_dec","seasonality",2021-01-31,0,0
"impulse_pna_glass_500_620ml_1pack","dummy_month_dec","seasonality",2022-02-20,0,0
"impulse_pna_glass_500_620ml_1pack","dummy_month_dec","seasonality",2022-01-16,0,0
"impulse_pna_glass_500_620ml_1pack","dummy_month_dec","seasonality",2022-02-13,0,0
"impulse_pna_glass_500_620ml_1pack","dummy_month_dec","seasonality",2023-01-29,0,0
"impulse_pna_glass_500_620ml_1pack","dummy_month_dec","seasonality",2022-09-18,0,0
"impulse_pna_glass_500_620ml_1pack","dummy_month_dec","seasonality",2021-02-21,0,0
"impulse_pna_glass_500_620ml_1pack","dummy_month_dec","seasonality",2023-12-03,-13687.911307441,-13687.911307441
"impulse_pna_glass_500_620ml_1pack","dummy_month_dec","seasonality",2022-04-10,0,0
"impulse_pna_glass_500_620ml_1pack","dummy_month_dec","seasonality",2021-01-17,0,0
"impulse_pna_glass_500_620ml_1pack","dummy_month_dec","seasonality",2021-12-26,-11732.4954044226,-11732.4954044226
"impulse_pna_glass_500_620ml_1pack","dummy_month_dec","seasonality",2021-02-07,0,0
"impulse_pna_glass_500_620ml_1pack","dummy_month_dec","seasonality",2023-02-12,0,0
"impulse_pna_glass_500_620ml_1pack","dummy_month_dec","seasonality",2023-06-18,0,0
"impulse_pna_glass_500_620ml_1pack","dummy_month_dec","seasonality",2021-03-07,0,0
"impulse_pna_glass_500_620ml_1pack","dummy_month_dec","seasonality",2023-12-17,-13687.911307441,-13687.911307441
"impulse_pna_glass_500_620ml_1pack","dummy_month_dec","seasonality",2023-09-10,0,0
"impulse_pna_glass_500_620ml_1pack","dummy_month_dec","seasonality",2023-05-07,0,0
"impulse_pna_glass_500_620ml_1pack","dummy_month_dec","seasonality",2022-01-09,0,0
"impulse_pna_glass_500_620ml_1pack","dummy_month_dec","seasonality",2023-09-03,0,0
"impulse_pna_glass_500_620ml_1pack","dummy_month_dec","seasonality",2023-02-26,0,0
"impulse_pna_glass_500_620ml_1pack","dummy_month_dec","seasonality",2021-05-30,0,0
"impulse_pna_glass_500_620ml_1pack","dummy_month_dec","seasonality",2021-03-21,0,0
"impulse_pna_glass_500_620ml_1pack","dummy_month_dec","seasonality",2022-11-13,0,0
"impulse_pna_glass_500_620ml_1pack","dummy_month_dec","seasonality",2023-08-20,0,0
"impulse_pna_glass_500_620ml_1pack","dummy_month_dec","seasonality",2022-02-27,0,0
"impulse_pna_glass_500_620ml_1pack","dummy_month_dec","seasonality",2022-01-23,0,0
"impulse_pna_glass_500_620ml_1pack","dummy_month_dec","seasonality",2023-09-17,0,0
"impulse_pna_glass_500_620ml_1pack","dummy_month_dec","seasonality",2023-02-05,0,0
"impulse_pna_glass_500_620ml_1pack","dummy_month_dec","seasonality",2022-04-24,0,0
"impulse_pna_glass_500_620ml_1pack","dummy_month_dec","seasonality",2021-02-28,0,0
"impulse_pna_glass_500_620ml_1pack","dummy_month_dec","seasonality",2023-12-10,-13687.911307441,-13687.911307441
"impulse_pna_glass_500_620ml_1pack","dummy_month_dec","seasonality",2022-04-17,0,0
"impulse_pna_glass_500_620ml_1pack","dummy_month_dec","seasonality",2021-01-24,0,0
"impulse_pna_glass_500_620ml_1pack","dummy_month_dec","seasonality",2022-01-02,0,0
"impulse_pna_glass_500_620ml_1pack","dummy_month_dec","seasonality",2023-08-27,0,0
"impulse_pna_glass_500_620ml_1pack","dummy_month_dec","seasonality",2023-02-19,0,0
"impulse_pna_glass_500_620ml_1pack","dummy_month_dec","seasonality",2023-06-25,0,0
"impulse_pna_glass_500_620ml_1pack","dummy_month_dec","seasonality",2021-03-14,0,0
"impulse_pna_glass_500_620ml_1pack","dummy_month_dec","seasonality",2023-12-24,-13687.911307441,-13687.911307441
"impulse_pna_glass_500_620ml_1pack","dummy_month_dec","seasonality",2022-05-01,0,0
"impulse_pna_glass_500_620ml_1pack","dummy_month_dec","seasonality",2023-05-14,0,0
"impulse_pna_glass_500_620ml_1pack","dummy_month_dec","seasonality",2023-11-19,0,0
"impulse_pna_glass_500_620ml_1pack","dummy_month_dec","seasonality",2023-10-15,0,0
"impulse_pna_glass_500_620ml_1pack","dummy_month_dec","seasonality",2023-03-05,0,0
"impulse_pna_glass_500_620ml_1pack","dummy_month_dec","seasonality",2021-06-06,0,0
"impulse_pna_glass_500_620ml_1pack","dummy_month_dec","seasonality",2021-03-28,0,0
"impulse_pna_glass_500_620ml_1pack","dummy_month_dec","seasonality",2022-11-20,0,0
"impulse_pna_glass_500_620ml_1pack","dummy_month_dec","seasonality",2023-07-02,0,0
"impulse_pna_glass_500_620ml_1pack","dummy_month_dec","seasonality",2022-03-06,0,0
"impulse_pna_glass_500_620ml_1pack","dummy_month_dec","seasonality",2023-10-29,0,0
"impulse_pna_glass_500_620ml_1pack","dummy_month_dec","seasonality",2023-09-24,0,0
"impulse_pna_glass_500_620ml_1pack","dummy_month_dec","seasonality",2023-03-19,0,0
"impulse_pna_glass_500_620ml_1pack","dummy_month_dec","seasonality",2021-06-20,0,0
"impulse_pna_glass_500_620ml_1pack","dummy_month_dec","seasonality",2021-04-11,0,0
"impulse_pna_glass_500_620ml_1pack","dummy_month_dec","seasonality",2022-12-04,-13687.911307441,-13687.911307441
"impulse_pna_glass_500_620ml_1pack","dummy_month_dec","seasonality",2023-07-16,0,0
"impulse_pna_glass_500_620ml_1pack","dummy_month_dec","seasonality",2022-03-20,0,0
"impulse_pna_glass_500_620ml_1pack","dummy_month_dec","seasonality",2023-11-12,0,0
"impulse_pna_glass_500_620ml_1pack","dummy_month_dec","seasonality",2023-10-08,0,0
"impulse_pna_glass_500_620ml_1pack","dummy_month_dec","seasonality",2023-04-02,0,0
"impulse_pna_glass_500_620ml_1pack","dummy_month_dec","seasonality",2021-07-04,0,0
"impulse_pna_glass_500_620ml_1pack","dummy_month_dec","seasonality",2022-06-12,0,0
"impulse_pna_glass_500_620ml_1pack","dummy_month_dec","seasonality",2022-05-08,0,0
"impulse_pna_glass_500_620ml_1pack","dummy_month_dec","seasonality",2023-07-30,0,0
"impulse_pna_glass_500_620ml_1pack","dummy_month_dec","seasonality",2023-05-21,0,0
"impulse_pna_glass_500_620ml_1pack","dummy_month_dec","seasonality",2023-11-26,-3910.83180603682,-3910.83180603682
"impulse_pna_glass_500_620ml_1pack","dummy_month_dec","seasonality",2023-10-22,0,0
"impulse_pna_glass_500_620ml_1pack","dummy_month_dec","seasonality",2023-03-12,0,0
"impulse_pna_glass_500_620ml_1pack","dummy_month_dec","seasonality",2021-06-13,0,0
"impulse_pna_glass_500_620ml_1pack","dummy_month_dec","seasonality",2021-04-04,0,0
"impulse_pna_glass_500_620ml_1pack","dummy_month_dec","seasonality",2022-11-27,-5866.24770905524,-5866.24770905524
"impulse_pna_glass_500_620ml_1pack","dummy_month_dec","seasonality",2023-07-09,0,0
"impulse_pna_glass_500_620ml_1pack","dummy_month_dec","seasonality",2022-03-13,0,0
"impulse_pna_glass_500_620ml_1pack","dummy_month_dec","seasonality",2023-11-05,0,0
"impulse_pna_glass_500_620ml_1pack","dummy_month_dec","seasonality",2023-10-01,0,0
"impulse_pna_glass_500_620ml_1pack","dummy_month_dec","seasonality",2023-03-26,0,0
"impulse_pna_glass_500_620ml_1pack","dummy_month_dec","seasonality",2021-06-27,0,0
"impulse_pna_glass_500_620ml_1pack","dummy_month_dec","seasonality",2021-04-18,0,0
"impulse_pna_glass_500_620ml_1pack","dummy_month_dec","seasonality",2022-12-11,-13687.911307441,-13687.911307441
"impulse_pna_glass_500_620ml_1pack","dummy_month_dec","seasonality",2023-07-23,0,0
"impulse_pna_glass_500_620ml_1pack","dummy_month_dec","seasonality",2022-03-27,0,0
"impulse_pna_glass_500_620ml_1pack","dummy_month_dec","seasonality",2021-09-19,0,0
"impulse_pna_glass_500_620ml_1pack","dummy_month_dec","seasonality",2021-08-15,0,0
"impulse_pna_glass_500_620ml_1pack","dummy_month_dec","seasonality",2023-04-09,0,0
"impulse_pna_glass_500_620ml_1pack","dummy_month_dec","seasonality",2021-07-11,0,0
"impulse_pna_glass_500_620ml_1pack","dummy_month_dec","seasonality",2021-05-02,0,0
"impulse_pna_glass_500_620ml_1pack","dummy_month_dec","seasonality",2022-05-15,0,0
"impulse_pna_glass_500_620ml_1pack","dummy_month_dec","seasonality",2023-08-06,0,0
"impulse_pna_glass_500_620ml_1pack","dummy_month_dec","seasonality",2023-05-28,0,0
"impulse_pna_glass_500_620ml_1pack","dummy_month_dec","seasonality",2021-10-03,0,0
"impulse_pna_glass_500_620ml_1pack","dummy_month_dec","seasonality",2021-08-29,0,0
"impulse_pna_glass_500_620ml_1pack","dummy_month_dec","seasonality",2023-04-23,0,0
"impulse_pna_glass_500_620ml_1pack","dummy_month_dec","seasonality",2021-07-25,0,0
"impulse_pna_glass_500_620ml_1pack","dummy_month_dec","seasonality",2021-05-16,0,0
"impulse_pna_glass_500_620ml_1pack","dummy_month_dec","seasonality",2022-05-29,0,0
"impulse_pna_glass_500_620ml_1pack","dummy_month_dec","seasonality",2021-07-18,0,0
"impulse_pna_glass_500_620ml_1pack","dummy_month_dec","seasonality",2021-10-17,0,0
"impulse_pna_glass_500_620ml_1pack","dummy_month_dec","seasonality",2021-09-12,0,0
"impulse_pna_glass_500_620ml_1pack","dummy_month_dec","seasonality",2021-08-08,0,0
"impulse_pna_glass_500_620ml_1pack","dummy_month_dec","seasonality",2023-06-04,0,0
"impulse_pna_glass_500_620ml_1pack","dummy_month_dec","seasonality",2021-10-10,0,0
"impulse_pna_glass_500_620ml_1pack","dummy_month_dec","seasonality",2021-04-25,0,0
"impulse_pna_glass_500_620ml_1pack","dummy_month_dec","seasonality",2022-12-18,-13687.911307441,-13687.911307441
"impulse_pna_glass_500_620ml_1pack","dummy_month_dec","seasonality",2021-08-01,0,0
"impulse_pna_glass_500_620ml_1pack","dummy_month_dec","seasonality",2022-04-03,0,0
"impulse_pna_glass_500_620ml_1pack","dummy_month_dec","seasonality",2021-09-26,0,0
"impulse_pna_glass_500_620ml_1pack","dummy_month_dec","seasonality",2021-08-22,0,0
"impulse_pna_glass_500_620ml_1pack","dummy_month_dec","seasonality",2023-04-16,0,0
"impulse_pna_glass_500_620ml_1pack","dummy_month_dec","seasonality",2023-01-08,0,0
"impulse_pna_glass_500_620ml_1pack","dummy_month_dec","seasonality",2021-05-09,0,0
"impulse_pna_glass_500_620ml_1pack","dummy_month_dec","seasonality",2022-05-22,0,0
"impulse_pna_glass_500_620ml_1pack","dummy_month_dec","seasonality",2023-08-13,0,0
"impulse_pna_glass_500_620ml_1pack","dummy_month_dec","seasonality",2021-10-24,0,0
"impulse_pna_glass_500_620ml_1pack","dummy_month_dec","seasonality",2022-12-25,-13687.911307441,-13687.911307441
"impulse_pna_glass_500_620ml_1pack","dummy_month_dec","seasonality",2021-09-05,0,0
"impulse_pna_glass_500_620ml_1pack","dummy_month_dec","seasonality",2023-04-30,0,0
"impulse_pna_glass_500_620ml_1pack","dummy_month_dec","seasonality",2023-01-01,0,0
"impulse_pna_glass_500_620ml_1pack","dummy_month_dec","seasonality",2021-05-23,0,0
"impulse_pna_glass_500_620ml_1pack","dummy_month_dec","seasonality",2022-06-05,0,0
"impulse_pna_glass_500_620ml_1pack","dummy_month_dec","seasonality",2023-01-15,0,0
"impulse_pna_glass_500_620ml_1pack","dummy_month_dec","seasonality",2021-11-07,0,0
"impulse_pna_glass_500_620ml_1pack","dummy_month_dec","seasonality",2021-11-14,0,0
"impulse_pna_glass_500_620ml_1pack","dummy_month_dec","seasonality",2021-10-31,0,0
"impulse_pna_glass_500_620ml_1pack","dummy_month_feb","seasonality",2021-01-31,-17118.2944729406,-17118.2944729406
"impulse_pna_glass_500_620ml_1pack","dummy_month_feb","seasonality",2022-08-21,0,0
"impulse_pna_glass_500_620ml_1pack","dummy_month_feb","seasonality",2021-07-11,0,0
"impulse_pna_glass_500_620ml_1pack","dummy_month_feb","seasonality",2022-08-28,0,0
"impulse_pna_glass_500_620ml_1pack","dummy_month_feb","seasonality",2023-10-15,0,0
"impulse_pna_glass_500_620ml_1pack","dummy_month_feb","seasonality",2021-02-14,-19971.3435550926,-19971.3435550926
"impulse_pna_glass_500_620ml_1pack","dummy_month_feb","seasonality",2021-01-17,0,0
"impulse_pna_glass_500_620ml_1pack","dummy_month_feb","seasonality",2022-09-11,0,0
"impulse_pna_glass_500_620ml_1pack","dummy_month_feb","seasonality",2021-02-21,-19971.3435550926,-19971.3435550926
"impulse_pna_glass_500_620ml_1pack","dummy_month_feb","seasonality",2021-02-07,-19971.3435550926,-19971.3435550926
"impulse_pna_glass_500_620ml_1pack","dummy_month_feb","seasonality",2021-12-26,0,0
"impulse_pna_glass_500_620ml_1pack","dummy_month_feb","seasonality",2021-01-03,0,0
"impulse_pna_glass_500_620ml_1pack","dummy_month_feb","seasonality",2021-03-07,0,0
"impulse_pna_glass_500_620ml_1pack","dummy_month_feb","seasonality",2022-10-30,0,0
"impulse_pna_glass_500_620ml_1pack","dummy_month_feb","seasonality",2022-07-24,0,0
"impulse_pna_glass_500_620ml_1pack","dummy_month_feb","seasonality",2022-09-25,0,0
"impulse_pna_glass_500_620ml_1pack","dummy_month_feb","seasonality",2022-07-17,0,0
"impulse_pna_glass_500_620ml_1pack","dummy_month_feb","seasonality",2023-09-03,0,0
"impulse_pna_glass_500_620ml_1pack","dummy_month_feb","seasonality",2021-07-04,0,0
"impulse_pna_glass_500_620ml_1pack","dummy_month_feb","seasonality",2021-05-30,0,0
"impulse_pna_glass_500_620ml_1pack","dummy_month_feb","seasonality",2021-03-21,0,0
"impulse_pna_glass_500_620ml_1pack","dummy_month_feb","seasonality",2023-09-24,0,0
"impulse_pna_glass_500_620ml_1pack","dummy_month_feb","seasonality",2023-08-20,0,0
"impulse_pna_glass_500_620ml_1pack","dummy_month_feb","seasonality",2022-09-04,0,0
"impulse_pna_glass_500_620ml_1pack","dummy_month_feb","seasonality",2023-10-22,0,0
"impulse_pna_glass_500_620ml_1pack","dummy_month_feb","seasonality",2022-07-31,0,0
"impulse_pna_glass_500_620ml_1pack","dummy_month_feb","seasonality",2021-07-18,0,0
"impulse_pna_glass_500_620ml_1pack","dummy_month_feb","seasonality",2022-04-24,0,0
"impulse_pna_glass_500_620ml_1pack","dummy_month_feb","seasonality",2021-02-28,-2853.04908215199,-2853.04908215199
"impulse_pna_glass_500_620ml_1pack","dummy_month_feb","seasonality",2023-10-08,0,0
"impulse_pna_glass_500_620ml_1pack","dummy_month_feb","seasonality",2021-01-24,0,0
"impulse_pna_glass_500_620ml_1pack","dummy_month_feb","seasonality",2022-09-18,0,0
"impulse_pna_glass_500_620ml_1pack","dummy_month_feb","seasonality",2023-10-01,0,0
"impulse_pna_glass_500_620ml_1pack","dummy_month_feb","seasonality",2023-08-27,0,0
"impulse_pna_glass_500_620ml_1pack","dummy_month_feb","seasonality",2022-01-02,0,0
"impulse_pna_glass_500_620ml_1pack","dummy_month_feb","seasonality",2021-01-10,0,0
"impulse_pna_glass_500_620ml_1pack","dummy_month_feb","seasonality",2021-03-14,0,0
"impulse_pna_glass_500_620ml_1pack","dummy_month_feb","seasonality",2022-11-06,0,0
"impulse_pna_glass_500_620ml_1pack","dummy_month_feb","seasonality",2022-05-01,0,0
"impulse_pna_glass_500_620ml_1pack","dummy_month_feb","seasonality",2022-10-02,0,0
"impulse_pna_glass_500_620ml_1pack","dummy_month_feb","seasonality",2023-11-19,0,0
"impulse_pna_glass_500_620ml_1pack","dummy_month_feb","seasonality",2023-09-10,0,0
"impulse_pna_glass_500_620ml_1pack","dummy_month_feb","seasonality",2022-01-16,0,0
"impulse_pna_glass_500_620ml_1pack","dummy_month_feb","seasonality",2021-06-06,0,0
"impulse_pna_glass_500_620ml_1pack","dummy_month_feb","seasonality",2021-03-28,0,0
"impulse_pna_glass_500_620ml_1pack","dummy_month_feb","seasonality",2022-11-20,0,0
"impulse_pna_glass_500_620ml_1pack","dummy_month_feb","seasonality",2022-04-10,0,0
"impulse_pna_glass_500_620ml_1pack","dummy_month_feb","seasonality",2022-10-16,0,0
"impulse_pna_glass_500_620ml_1pack","dummy_month_feb","seasonality",2023-10-29,0,0
"impulse_pna_glass_500_620ml_1pack","dummy_month_feb","seasonality",2022-08-07,0,0
"impulse_pna_glass_500_620ml_1pack","dummy_month_feb","seasonality",2021-07-25,0,0
"impulse_pna_glass_500_620ml_1pack","dummy_month_feb","seasonality",2021-11-21,0,0
"impulse_pna_glass_500_620ml_1pack","dummy_month_feb","seasonality",2021-04-11,0,0
"impulse_pna_glass_500_620ml_1pack","dummy_month_feb","seasonality",2022-12-04,0,0
"impulse_pna_glass_500_620ml_1pack","dummy_month_feb","seasonality",2021-06-13,0,0
"impulse_pna_glass_500_620ml_1pack","dummy_month_feb","seasonality",2022-03-20,0,0
"impulse_pna_glass_500_620ml_1pack","dummy_month_feb","seasonality",2023-11-12,0,0
"impulse_pna_glass_500_620ml_1pack","dummy_month_feb","seasonality",2022-02-13,-19971.3435550926,-19971.3435550926
"impulse_pna_glass_500_620ml_1pack","dummy_month_feb","seasonality",2022-01-09,0,0
"impulse_pna_glass_500_620ml_1pack","dummy_month_feb","seasonality",2021-12-05,0,0
"impulse_pna_glass_500_620ml_1pack","dummy_month_feb","seasonality",2022-06-12,0,0
"impulse_pna_glass_500_620ml_1pack","dummy_month_feb","seasonality",2022-11-13,0,0
"impulse_pna_glass_500_620ml_1pack","dummy_month_feb","seasonality",2022-05-08,0,0
"impulse_pna_glass_500_620ml_1pack","dummy_month_feb","seasonality",2022-10-09,0,0
"impulse_pna_glass_500_620ml_1pack","dummy_month_feb","seasonality",2023-11-26,0,0
"impulse_pna_glass_500_620ml_1pack","dummy_month_feb","seasonality",2023-09-17,0,0
"impulse_pna_glass_500_620ml_1pack","dummy_month_feb","seasonality",2022-01-23,0,0
"impulse_pna_glass_500_620ml_1pack","dummy_month_feb","seasonality",2023-06-18,0,0
"impulse_pna_glass_500_620ml_1pack","dummy_month_feb","seasonality",2021-04-04,0,0
"impulse_pna_glass_500_620ml_1pack","dummy_month_feb","seasonality",2022-11-27,0,0
"impulse_pna_glass_500_620ml_1pack","dummy_month_feb","seasonality",2022-04-17,0,0
"impulse_pna_glass_500_620ml_1pack","dummy_month_feb","seasonality",2022-10-23,0,0
"impulse_pna_glass_500_620ml_1pack","dummy_month_feb","seasonality",2023-11-05,0,0
"impulse_pna_glass_500_620ml_1pack","dummy_month_feb","seasonality",2022-08-14,0,0
"impulse_pna_glass_500_620ml_1pack","dummy_month_feb","seasonality",2021-08-01,0,0
"impulse_pna_glass_500_620ml_1pack","dummy_month_feb","seasonality",2021-11-28,0,0
"impulse_pna_glass_500_620ml_1pack","dummy_month_feb","seasonality",2021-04-18,0,0
"impulse_pna_glass_500_620ml_1pack","dummy_month_feb","seasonality",2022-12-11,0,0
"impulse_pna_glass_500_620ml_1pack","dummy_month_feb","seasonality",2021-06-20,0,0
"impulse_pna_glass_500_620ml_1pack","dummy_month_feb","seasonality",2022-03-27,0,0
"impulse_pna_glass_500_620ml_1pack","dummy_month_feb","seasonality",2022-05-29,0,0
"impulse_pna_glass_500_620ml_1pack","dummy_month_feb","seasonality",2022-02-20,-19971.3435550926,-19971.3435550926
"impulse_pna_glass_500_620ml_1pack","dummy_month_feb","seasonality",2021-08-15,0,0
"impulse_pna_glass_500_620ml_1pack","dummy_month_feb","seasonality",2021-12-12,0,0
"impulse_pna_glass_500_620ml_1pack","dummy_month_feb","seasonality",2022-06-19,0,0
"impulse_pna_glass_500_620ml_1pack","dummy_month_feb","seasonality",2022-05-15,0,0
"impulse_pna_glass_500_620ml_1pack","dummy_month_feb","seasonality",2023-04-02,0,0
"impulse_pna_glass_500_620ml_1pack","dummy_month_feb","seasonality",2022-03-06,0,0
"impulse_pna_glass_500_620ml_1pack","dummy_month_feb","seasonality",2023-12-03,0,0
"impulse_pna_glass_500_620ml_1pack","dummy_month_feb","seasonality",2022-01-30,-14265.2453907886,-14265.2453907886
"impulse_pna_glass_500_620ml_1pack","dummy_month_feb","seasonality",2021-08-29,0,0
"impulse_pna_glass_500_620ml_1pack","dummy_month_feb","seasonality",2023-06-25,0,0
"impulse_pna_glass_500_620ml_1pack","dummy_month_feb","seasonality",2022-07-03,0,0
"impulse_pna_glass_500_620ml_1pack","dummy_month_feb","seasonality",2021-08-22,0,0
"impulse_pna_glass_500_620ml_1pack","dummy_month_feb","seasonality",2021-12-19,0,0
"impulse_pna_glass_500_620ml_1pack","dummy_month_feb","seasonality",2023-07-16,0,0
"impulse_pna_glass_500_620ml_1pack","dummy_month_feb","seasonality",2023-06-11,0,0
"impulse_pna_glass_500_620ml_1pack","dummy_month_feb","seasonality",2023-05-07,0,0
"impulse_pna_glass_500_620ml_1pack","dummy_month_feb","seasonality",2021-08-08,0,0
"impulse_pna_glass_500_620ml_1pack","dummy_month_feb","seasonality",2023-12-10,0,0
"impulse_pna_glass_500_620ml_1pack","dummy_month_feb","seasonality",2021-04-25,0,0
"impulse_pna_glass_500_620ml_1pack","dummy_month_feb","seasonality",2022-12-18,0,0
"impulse_pna_glass_500_620ml_1pack","dummy_month_feb","seasonality",2021-06-27,0,0
"impulse_pna_glass_500_620ml_1pack","dummy_month_feb","seasonality",2022-04-03,0,0
"impulse_pna_glass_500_620ml_1pack","dummy_month_feb","seasonality",2022-06-05,0,0
"impulse_pna_glass_500_620ml_1pack","dummy_month_feb","seasonality",2022-02-27,-5706.09816430397,-5706.09816430397
"impulse_pna_glass_500_620ml_1pack","dummy_month_feb","seasonality",2023-07-23,0,0
"impulse_pna_glass_500_620ml_1pack","dummy_month_feb","seasonality",2023-12-24,0,0
"impulse_pna_glass_500_620ml_1pack","dummy_month_feb","seasonality",2022-06-26,0,0
"impulse_pna_glass_500_620ml_1pack","dummy_month_feb","seasonality",2022-05-22,0,0
"impulse_pna_glass_500_620ml_1pack","dummy_month_feb","seasonality",2023-04-09,0,0
"impulse_pna_glass_500_620ml_1pack","dummy_month_feb","seasonality",2022-03-13,0,0
"impulse_pna_glass_500_620ml_1pack","dummy_month_feb","seasonality",2022-12-25,0,0
"impulse_pna_glass_500_620ml_1pack","dummy_month_feb","seasonality",2022-02-06,-19971.3435550926,-19971.3435550926
"impulse_pna_glass_500_620ml_1pack","dummy_month_feb","seasonality",2021-09-05,0,0
"impulse_pna_glass_500_620ml_1pack","dummy_month_feb","seasonality",2023-07-02,0,0
"impulse_pna_glass_500_620ml_1pack","dummy_month_feb","seasonality",2022-07-10,0,0
"impulse_pna_glass_500_620ml_1pack","dummy_month_feb","seasonality",2021-10-03,0,0
"impulse_pna_glass_500_620ml_1pack","dummy_month_feb","seasonality",2023-04-23,0,0
"impulse_pna_glass_500_620ml_1pack","dummy_month_feb","seasonality",2021-05-16,0,0
"impulse_pna_glass_500_620ml_1pack","dummy_month_feb","seasonality",2023-01-08,0,0
"impulse_pna_glass_500_620ml_1pack","dummy_month_feb","seasonality",2023-05-14,0,0
"impulse_pna_glass_500_620ml_1pack","dummy_month_feb","seasonality",2021-09-19,0,0
"impulse_pna_glass_500_620ml_1pack","dummy_month_feb","seasonality",2023-12-17,0,0
"impulse_pna_glass_500_620ml_1pack","dummy_month_feb","seasonality",2021-05-02,0,0
"impulse_pna_glass_500_620ml_1pack","dummy_month_feb","seasonality",2021-09-12,0,0
"impulse_pna_glass_500_620ml_1pack","dummy_month_feb","seasonality",2023-07-09,0,0
"impulse_pna_glass_500_620ml_1pack","dummy_month_feb","seasonality",2023-08-06,0,0
"impulse_pna_glass_500_620ml_1pack","dummy_month_feb","seasonality",2023-01-22,0,0
"impulse_pna_glass_500_620ml_1pack","dummy_month_feb","seasonality",2023-05-28,0,0
"impulse_pna_glass_500_620ml_1pack","dummy_month_feb","seasonality",2023-07-30,0,0
"impulse_pna_glass_500_620ml_1pack","dummy_month_feb","seasonality",2023-01-15,0,0
"impulse_pna_glass_500_620ml_1pack","dummy_month_feb","seasonality",2023-05-21,0,0
"impulse_pna_glass_500_620ml_1pack","dummy_month_feb","seasonality",2021-09-26,0,0
"impulse_pna_glass_500_620ml_1pack","dummy_month_feb","seasonality",2023-04-16,0,0
"impulse_pna_glass_500_620ml_1pack","dummy_month_feb","seasonality",2021-05-09,0,0
"impulse_pna_glass_500_620ml_1pack","dummy_month_feb","seasonality",2023-01-01,0,0
"impulse_pna_glass_500_620ml_1pack","dummy_month_feb","seasonality",2021-10-17,0,0
"impulse_pna_glass_500_620ml_1pack","dummy_month_feb","seasonality",2023-08-13,0,0
"impulse_pna_glass_500_620ml_1pack","dummy_month_feb","seasonality",2023-01-29,-11412.1963086366,-11412.1963086366
"impulse_pna_glass_500_620ml_1pack","dummy_month_feb","seasonality",2023-02-26,-8559.14724645596,-8559.14724645596
"impulse_pna_glass_500_620ml_1pack","dummy_month_feb","seasonality",2021-10-10,0,0
"impulse_pna_glass_500_620ml_1pack","dummy_month_feb","seasonality",2023-04-30,0,0
"impulse_pna_glass_500_620ml_1pack","dummy_month_feb","seasonality",2021-05-23,0,0
"impulse_pna_glass_500_620ml_1pack","dummy_month_feb","seasonality",2023-03-26,0,0
"impulse_pna_glass_500_620ml_1pack","dummy_month_feb","seasonality",2023-02-19,-19971.3435550926,-19971.3435550926
"impulse_pna_glass_500_620ml_1pack","dummy_month_feb","seasonality",2023-03-19,0,0
"impulse_pna_glass_500_620ml_1pack","dummy_month_feb","seasonality",2023-02-12,-19971.3435550926,-19971.3435550926
"impulse_pna_glass_500_620ml_1pack","dummy_month_feb","seasonality",2021-10-24,0,0
"impulse_pna_glass_500_620ml_1pack","dummy_month_feb","seasonality",2023-03-12,0,0
"impulse_pna_glass_500_620ml_1pack","dummy_month_feb","seasonality",2023-02-05,-19971.3435550926,-19971.3435550926
"impulse_pna_glass_500_620ml_1pack","dummy_month_feb","seasonality",2023-03-05,0,0
"impulse_pna_glass_500_620ml_1pack","dummy_month_feb","seasonality",2021-11-07,0,0
"impulse_pna_glass_500_620ml_1pack","dummy_month_feb","seasonality",2023-06-04,0,0
"impulse_pna_glass_500_620ml_1pack","dummy_month_feb","seasonality",2021-11-14,0,0
"impulse_pna_glass_500_620ml_1pack","dummy_month_feb","seasonality",2021-10-31,0,0
"impulse_pna_glass_500_620ml_1pack","dummy_month_jan","seasonality",2022-12-25,0,0
"impulse_pna_glass_500_620ml_1pack","dummy_month_jan","seasonality",2022-12-11,0,0
"impulse_pna_glass_500_620ml_1pack","dummy_month_jan","seasonality",2022-10-30,0,0
"impulse_pna_glass_500_620ml_1pack","dummy_month_jan","seasonality",2022-12-18,0,0
"impulse_pna_glass_500_620ml_1pack","dummy_month_jan","seasonality",2023-01-08,-32618.5442207818,-32618.5442207818
"impulse_pna_glass_500_620ml_1pack","dummy_month_jan","seasonality",2021-03-07,0,0
"impulse_pna_glass_500_620ml_1pack","dummy_month_jan","seasonality",2022-11-27,0,0
"impulse_pna_glass_500_620ml_1pack","dummy_month_jan","seasonality",2023-01-01,-32618.5442207818,-32618.5442207818
"impulse_pna_glass_500_620ml_1pack","dummy_month_jan","seasonality",2022-11-20,0,0
"impulse_pna_glass_500_620ml_1pack","dummy_month_jan","seasonality",2022-07-17,0,0
"impulse_pna_glass_500_620ml_1pack","dummy_month_jan","seasonality",2022-06-19,0,0
"impulse_pna_glass_500_620ml_1pack","dummy_month_jan","seasonality",2022-11-13,0,0
"impulse_pna_glass_500_620ml_1pack","dummy_month_jan","seasonality",2021-01-17,-32618.5442207818,-32618.5442207818
"impulse_pna_glass_500_620ml_1pack","dummy_month_jan","seasonality",2022-11-06,0,0
"impulse_pna_glass_500_620ml_1pack","dummy_month_jan","seasonality",2021-01-10,-32618.5442207818,-32618.5442207818
"impulse_pna_glass_500_620ml_1pack","dummy_month_jan","seasonality",2023-01-15,-32618.5442207818,-32618.5442207818
"impulse_pna_glass_500_620ml_1pack","dummy_month_jan","seasonality",2022-12-04,0,0
"impulse_pna_glass_500_620ml_1pack","dummy_month_jan","seasonality",2021-01-03,-32618.5442207818,-32618.5442207818
"impulse_pna_glass_500_620ml_1pack","dummy_month_jan","seasonality",2021-11-21,0,0
"impulse_pna_glass_500_620ml_1pack","dummy_month_jan","seasonality",2022-07-24,0,0
"impulse_pna_glass_500_620ml_1pack","dummy_month_jan","seasonality",2023-11-19,0,0
"impulse_pna_glass_500_620ml_1pack","dummy_month_jan","seasonality",2022-09-25,0,0
"impulse_pna_glass_500_620ml_1pack","dummy_month_jan","seasonality",2022-08-21,0,0
"impulse_pna_glass_500_620ml_1pack","dummy_month_jan","seasonality",2023-11-12,0,0
"impulse_pna_glass_500_620ml_1pack","dummy_month_jan","seasonality",2021-03-28,0,0
"impulse_pna_glass_500_620ml_1pack","dummy_month_jan","seasonality",2023-09-03,0,0
"impulse_pna_glass_500_620ml_1pack","dummy_month_jan","seasonality",2023-01-22,-32618.5442207818,-32618.5442207818
"impulse_pna_glass_500_620ml_1pack","dummy_month_jan","seasonality",2022-08-07,0,0
"impulse_pna_glass_500_620ml_1pack","dummy_month_jan","seasonality",2023-10-29,0,0
"impulse_pna_glass_500_620ml_1pack","dummy_month_jan","seasonality",2021-03-14,0,0
"impulse_pna_glass_500_620ml_1pack","dummy_month_jan","seasonality",2022-07-31,0,0
"impulse_pna_glass_500_620ml_1pack","dummy_month_jan","seasonality",2023-11-26,0,0
"impulse_pna_glass_500_620ml_1pack","dummy_month_jan","seasonality",2021-04-11,0,0
"impulse_pna_glass_500_620ml_1pack","dummy_month_jan","seasonality",2021-01-31,-4659.79203620005,-4659.79203620005
"impulse_pna_glass_500_620ml_1pack","dummy_month_jan","seasonality",2022-06-26,0,0
"impulse_pna_glass_500_620ml_1pack","dummy_month_jan","seasonality",2021-04-04,0,0
"impulse_pna_glass_500_620ml_1pack","dummy_month_jan","seasonality",2021-01-24,-32618.5442207818,-32618.5442207818
"impulse_pna_glass_500_620ml_1pack","dummy_month_jan","seasonality",2023-10-08,0,0
"impulse_pna_glass_500_620ml_1pack","dummy_month_jan","seasonality",2022-08-14,0,0
"impulse_pna_glass_500_620ml_1pack","dummy_month_jan","seasonality",2023-11-05,0,0
"impulse_pna_glass_500_620ml_1pack","dummy_month_jan","seasonality",2021-03-21,0,0
"impulse_pna_glass_500_620ml_1pack","dummy_month_jan","seasonality",2021-02-14,0,0
"impulse_pna_glass_500_620ml_1pack","dummy_month_jan","seasonality",2021-11-28,0,0
"impulse_pna_glass_500_620ml_1pack","dummy_month_jan","seasonality",2021-04-18,0,0
"impulse_pna_glass_500_620ml_1pack","dummy_month_jan","seasonality",2021-02-07,0,0
"impulse_pna_glass_500_620ml_1pack","dummy_month_jan","seasonality",2022-10-02,0,0
"impulse_pna_glass_500_620ml_1pack","dummy_month_jan","seasonality",2022-08-28,0,0
"impulse_pna_glass_500_620ml_1pack","dummy_month_jan","seasonality",2021-09-19,0,0
"impulse_pna_glass_500_620ml_1pack","dummy_month_jan","seasonality",2023-10-15,0,0
"impulse_pna_glass_500_620ml_1pack","dummy_month_jan","seasonality",2023-09-10,0,0
"impulse_pna_glass_500_620ml_1pack","dummy_month_jan","seasonality",2023-01-29,-13979.3761086002,-13979.3761086002
"impulse_pna_glass_500_620ml_1pack","dummy_month_jan","seasonality",2021-05-02,0,0
"impulse_pna_glass_500_620ml_1pack","dummy_month_jan","seasonality",2021-02-21,0,0
"impulse_pna_glass_500_620ml_1pack","dummy_month_jan","seasonality",2022-10-16,0,0
"impulse_pna_glass_500_620ml_1pack","dummy_month_jan","seasonality",2022-09-11,0,0
"impulse_pna_glass_500_620ml_1pack","dummy_month_jan","seasonality",2021-10-03,0,0
"impulse_pna_glass_500_620ml_1pack","dummy_month_jan","seasonality",2023-09-24,0,0
"impulse_pna_glass_500_620ml_1pack","dummy_month_jan","seasonality",2023-08-20,0,0
"impulse_pna_glass_500_620ml_1pack","dummy_month_jan","seasonality",2022-07-03,0,0
"impulse_pna_glass_500_620ml_1pack","dummy_month_jan","seasonality",2021-05-16,0,0
"impulse_pna_glass_500_620ml_1pack","dummy_month_jan","seasonality",2023-09-17,0,0
"impulse_pna_glass_500_620ml_1pack","dummy_month_jan","seasonality",2023-12-17,0,0
"impulse_pna_glass_500_620ml_1pack","dummy_month_jan","seasonality",2022-03-20,0,0
"impulse_pna_glass_500_620ml_1pack","dummy_month_jan","seasonality",2021-09-12,0,0
"impulse_pna_glass_500_620ml_1pack","dummy_month_jan","seasonality",2021-08-08,0,0
"impulse_pna_glass_500_620ml_1pack","dummy_month_jan","seasonality",2023-04-02,0,0
"impulse_pna_glass_500_620ml_1pack","dummy_month_jan","seasonality",2021-12-05,0,0
"impulse_pna_glass_500_620ml_1pack","dummy_month_jan","seasonality",2021-04-25,0,0
"impulse_pna_glass_500_620ml_1pack","dummy_month_jan","seasonality",2022-06-12,0,0
"impulse_pna_glass_500_620ml_1pack","dummy_month_jan","seasonality",2022-10-09,0,0
"impulse_pna_glass_500_620ml_1pack","dummy_month_jan","seasonality",2022-09-04,0,0
"impulse_pna_glass_500_620ml_1pack","dummy_month_jan","seasonality",2021-09-26,0,0
"impulse_pna_glass_500_620ml_1pack","dummy_month_jan","seasonality",2023-10-22,0,0
"impulse_pna_glass_500_620ml_1pack","dummy_month_jan","seasonality",2022-03-27,0,0
"impulse_pna_glass_500_620ml_1pack","dummy_month_jan","seasonality",2023-02-05,0,0
"impulse_pna_glass_500_620ml_1pack","dummy_month_jan","seasonality",2021-05-09,0,0
"impulse_pna_glass_500_620ml_1pack","dummy_month_jan","seasonality",2021-02-28,0,0
"impulse_pna_glass_500_620ml_1pack","dummy_month_jan","seasonality",2022-10-23,0,0
"impulse_pna_glass_500_620ml_1pack","dummy_month_jan","seasonality",2022-09-18,0,0
"impulse_pna_glass_500_620ml_1pack","dummy_month_jan","seasonality",2021-10-10,0,0
"impulse_pna_glass_500_620ml_1pack","dummy_month_jan","seasonality",2023-10-01,0,0
"impulse_pna_glass_500_620ml_1pack","dummy_month_jan","seasonality",2023-08-27,0,0
"impulse_pna_glass_500_620ml_1pack","dummy_month_jan","seasonality",2022-07-10,0,0
"impulse_pna_glass_500_620ml_1pack","dummy_month_jan","seasonality",2021-05-23,0,0
"impulse_pna_glass_500_620ml_1pack","dummy_month_jan","seasonality",2022-01-30,-9319.5840724001,-9319.5840724001
"impulse_pna_glass_500_620ml_1pack","dummy_month_jan","seasonality",2023-12-24,0,0
"impulse_pna_glass_500_620ml_1pack","dummy_month_jan","seasonality",2021-06-20,0,0
"impulse_pna_glass_500_620ml_1pack","dummy_month_jan","seasonality",2021-10-24,0,0
"impulse_pna_glass_500_620ml_1pack","dummy_month_jan","seasonality",2021-08-15,0,0
"impulse_pna_glass_500_620ml_1pack","dummy_month_jan","seasonality",2023-04-09,0,0
"impulse_pna_glass_500_620ml_1pack","dummy_month_jan","seasonality",2021-12-12,0,0
"impulse_pna_glass_500_620ml_1pack","dummy_month_jan","seasonality",2021-06-06,0,0
"impulse_pna_glass_500_620ml_1pack","dummy_month_jan","seasonality",2022-02-13,0,0
"impulse_pna_glass_500_620ml_1pack","dummy_month_jan","seasonality",2023-12-03,0,0
"impulse_pna_glass_500_620ml_1pack","dummy_month_jan","seasonality",2022-03-06,0,0
"impulse_pna_glass_500_620ml_1pack","dummy_month_jan","seasonality",2021-11-07,0,0
"impulse_pna_glass_500_620ml_1pack","dummy_month_jan","seasonality",2021-08-29,0,0
"impulse_pna_glass_500_620ml_1pack","dummy_month_jan","seasonality",2022-04-03,0,0
"impulse_pna_glass_500_620ml_1pack","dummy_month_jan","seasonality",2023-02-12,0,0
"impulse_pna_glass_500_620ml_1pack","dummy_month_jan","seasonality",2021-08-22,0,0
"impulse_pna_glass_500_620ml_1pack","dummy_month_jan","seasonality",2023-04-16,0,0
"impulse_pna_glass_500_620ml_1pack","dummy_month_jan","seasonality",2022-05-29,0,0
"impulse_pna_glass_500_620ml_1pack","dummy_month_jan","seasonality",2022-04-24,0,0
"impulse_pna_glass_500_620ml_1pack","dummy_month_jan","seasonality",2021-10-17,0,0
"impulse_pna_glass_500_620ml_1pack","dummy_month_jan","seasonality",2023-06-11,0,0
"impulse_pna_glass_500_620ml_1pack","dummy_month_jan","seasonality",2022-03-13,0,0
"impulse_pna_glass_500_620ml_1pack","dummy_month_jan","seasonality",2023-02-26,0,0
"impulse_pna_glass_500_620ml_1pack","dummy_month_jan","seasonality",2021-05-30,0,0
"impulse_pna_glass_500_620ml_1pack","dummy_month_jan","seasonality",2022-02-06,0,0
"impulse_pna_glass_500_620ml_1pack","dummy_month_jan","seasonality",2022-05-08,0,0
"impulse_pna_glass_500_620ml_1pack","dummy_month_jan","seasonality",2021-06-27,0,0
"impulse_pna_glass_500_620ml_1pack","dummy_month_jan","seasonality",2021-10-31,0,0
"impulse_pna_glass_500_620ml_1pack","dummy_month_jan","seasonality",2022-06-05,0,0
"impulse_pna_glass_500_620ml_1pack","dummy_month_jan","seasonality",2022-05-01,0,0
"impulse_pna_glass_500_620ml_1pack","dummy_month_jan","seasonality",2021-12-19,0,0
"impulse_pna_glass_500_620ml_1pack","dummy_month_jan","seasonality",2021-06-13,0,0
"impulse_pna_glass_500_620ml_1pack","dummy_month_jan","seasonality",2022-02-20,0,0
"impulse_pna_glass_500_620ml_1pack","dummy_month_jan","seasonality",2023-12-10,0,0
"impulse_pna_glass_500_620ml_1pack","dummy_month_jan","seasonality",2021-07-11,0,0
"impulse_pna_glass_500_620ml_1pack","dummy_month_jan","seasonality",2021-11-14,0,0
"impulse_pna_glass_500_620ml_1pack","dummy_month_jan","seasonality",2021-09-05,0,0
"impulse_pna_glass_500_620ml_1pack","dummy_month_jan","seasonality",2022-04-10,0,0
"impulse_pna_glass_500_620ml_1pack","dummy_month_jan","seasonality",2023-02-19,0,0
"impulse_pna_glass_500_620ml_1pack","dummy_month_jan","seasonality",2023-07-02,0,0
"impulse_pna_glass_500_620ml_1pack","dummy_month_jan","seasonality",2023-04-23,0,0
"impulse_pna_glass_500_620ml_1pack","dummy_month_jan","seasonality",2021-12-26,-4659.79203620005,-4659.79203620005
"impulse_pna_glass_500_620ml_1pack","dummy_month_jan","seasonality",2021-07-25,0,0
"impulse_pna_glass_500_620ml_1pack","dummy_month_jan","seasonality",2022-02-27,0,0
"impulse_pna_glass_500_620ml_1pack","dummy_month_jan","seasonality",2023-06-18,0,0
"impulse_pna_glass_500_620ml_1pack","dummy_month_jan","seasonality",2021-07-18,0,0
"impulse_pna_glass_500_620ml_1pack","dummy_month_jan","seasonality",2023-03-05,0,0
"impulse_pna_glass_500_620ml_1pack","dummy_month_jan","seasonality",2023-07-16,0,0
"impulse_pna_glass_500_620ml_1pack","dummy_month_jan","seasonality",2023-05-07,0,0
"impulse_pna_glass_500_620ml_1pack","dummy_month_jan","seasonality",2022-05-15,0,0
"impulse_pna_glass_500_620ml_1pack","dummy_month_jan","seasonality",2021-07-04,0,0
"impulse_pna_glass_500_620ml_1pack","dummy_month_jan","seasonality",2023-04-30,0,0
"impulse_pna_glass_500_620ml_1pack","dummy_month_jan","seasonality",2022-01-02,-32618.5442207818,-32618.5442207818
"impulse_pna_glass_500_620ml_1pack","dummy_month_jan","seasonality",2021-08-01,0,0
"impulse_pna_glass_500_620ml_1pack","dummy_month_jan","seasonality",2023-05-28,0,0
"impulse_pna_glass_500_620ml_1pack","dummy_month_jan","seasonality",2023-06-25,0,0
"impulse_pna_glass_500_620ml_1pack","dummy_month_jan","seasonality",2023-07-30,0,0
"impulse_pna_glass_500_620ml_1pack","dummy_month_jan","seasonality",2023-03-12,0,0
"impulse_pna_glass_500_620ml_1pack","dummy_month_jan","seasonality",2023-07-23,0,0
"impulse_pna_glass_500_620ml_1pack","dummy_month_jan","seasonality",2023-05-14,0,0
"impulse_pna_glass_500_620ml_1pack","dummy_month_jan","seasonality",2022-05-22,0,0
"impulse_pna_glass_500_620ml_1pack","dummy_month_jan","seasonality",2022-04-17,0,0
"impulse_pna_glass_500_620ml_1pack","dummy_month_jan","seasonality",2022-01-09,-32618.5442207818,-32618.5442207818
"impulse_pna_glass_500_620ml_1pack","dummy_month_jan","seasonality",2023-07-09,0,0
"impulse_pna_glass_500_620ml_1pack","dummy_month_jan","seasonality",2023-08-13,0,0
"impulse_pna_glass_500_620ml_1pack","dummy_month_jan","seasonality",2023-06-04,0,0
"impulse_pna_glass_500_620ml_1pack","dummy_month_jan","seasonality",2023-08-06,0,0
"impulse_pna_glass_500_620ml_1pack","dummy_month_jan","seasonality",2022-01-23,-32618.5442207818,-32618.5442207818
"impulse_pna_glass_500_620ml_1pack","dummy_month_jan","seasonality",2023-03-19,0,0
"impulse_pna_glass_500_620ml_1pack","dummy_month_jan","seasonality",2022-01-16,-32618.5442207818,-32618.5442207818
"impulse_pna_glass_500_620ml_1pack","dummy_month_jan","seasonality",2023-05-21,0,0
"impulse_pna_glass_500_620ml_1pack","dummy_month_jan","seasonality",2023-03-26,0,0
"impulse_pna_glass_500_620ml_1pack","dummy_month_jul","seasonality",2022-09-25,0,0
"impulse_pna_glass_500_620ml_1pack","dummy_month_jul","seasonality",2022-08-28,0,0
"impulse_pna_glass_500_620ml_1pack","dummy_month_jul","seasonality",2021-06-06,0,0
"impulse_pna_glass_500_620ml_1pack","dummy_month_jul","seasonality",2021-04-11,0,0
"impulse_pna_glass_500_620ml_1pack","dummy_month_jul","seasonality",2021-04-25,0,0
"impulse_pna_glass_500_620ml_1pack","dummy_month_jul","seasonality",2022-09-11,0,0
"impulse_pna_glass_500_620ml_1pack","dummy_month_jul","seasonality",2021-04-18,0,0
"impulse_pna_glass_500_620ml_1pack","dummy_month_jul","seasonality",2022-09-18,0,0
"impulse_pna_glass_500_620ml_1pack","dummy_month_jul","seasonality",2022-09-04,0,0
"impulse_pna_glass_500_620ml_1pack","dummy_month_jul","seasonality",2021-05-16,0,0
"impulse_pna_glass_500_620ml_1pack","dummy_month_jul","seasonality",2021-11-21,0,0
"impulse_pna_glass_500_620ml_1pack","dummy_month_jul","seasonality",2021-03-07,0,0
"impulse_pna_glass_500_620ml_1pack","dummy_month_jul","seasonality",2021-05-09,0,0
"impulse_pna_glass_500_620ml_1pack","dummy_month_jul","seasonality",2021-06-13,0,0
"impulse_pna_glass_500_620ml_1pack","dummy_month_jul","seasonality",2021-05-02,0,0
"impulse_pna_glass_500_620ml_1pack","dummy_month_jul","seasonality",2022-06-19,0,0
"impulse_pna_glass_500_620ml_1pack","dummy_month_jul","seasonality",2021-12-12,0,0
"impulse_pna_glass_500_620ml_1pack","dummy_month_jul","seasonality",2021-03-28,0,0
"impulse_pna_glass_500_620ml_1pack","dummy_month_jul","seasonality",2021-05-30,0,0
"impulse_pna_glass_500_620ml_1pack","dummy_month_jul","seasonality",2021-03-21,0,0
"impulse_pna_glass_500_620ml_1pack","dummy_month_jul","seasonality",2021-05-23,0,0
"impulse_pna_glass_500_620ml_1pack","dummy_month_jul","seasonality",2021-11-28,0,0
"impulse_pna_glass_500_620ml_1pack","dummy_month_jul","seasonality",2021-03-14,0,0
"impulse_pna_glass_500_620ml_1pack","dummy_month_jul","seasonality",2021-02-07,0,0
"impulse_pna_glass_500_620ml_1pack","dummy_month_jul","seasonality",2022-10-02,0,0
"impulse_pna_glass_500_620ml_1pack","dummy_month_jul","seasonality",2021-01-31,0,0
"impulse_pna_glass_500_620ml_1pack","dummy_month_jul","seasonality",2022-12-04,0,0
"impulse_pna_glass_500_620ml_1pack","dummy_month_jul","seasonality",2022-10-30,0,0
"impulse_pna_glass_500_620ml_1pack","dummy_month_jul","seasonality",2022-08-21,0,0
"impulse_pna_glass_500_620ml_1pack","dummy_month_jul","seasonality",2022-07-17,6954.63781029141,6954.63781029141
"impulse_pna_glass_500_620ml_1pack","dummy_month_jul","seasonality",2021-08-08,0,0
"impulse_pna_glass_500_620ml_1pack","dummy_month_jul","seasonality",2021-02-21,0,0
"impulse_pna_glass_500_620ml_1pack","dummy_month_jul","seasonality",2022-10-16,0,0
"impulse_pna_glass_500_620ml_1pack","dummy_month_jul","seasonality",2021-02-14,0,0
"impulse_pna_glass_500_620ml_1pack","dummy_month_jul","seasonality",2022-12-18,0,0
"impulse_pna_glass_500_620ml_1pack","dummy_month_jul","seasonality",2022-10-09,0,0
"impulse_pna_glass_500_620ml_1pack","dummy_month_jul","seasonality",2022-07-03,6954.63781029141,6954.63781029141
"impulse_pna_glass_500_620ml_1pack","dummy_month_jul","seasonality",2021-06-20,0,0
"impulse_pna_glass_500_620ml_1pack","dummy_month_jul","seasonality",2023-01-08,0,0
"impulse_pna_glass_500_620ml_1pack","dummy_month_jul","seasonality",2022-06-26,1987.03937635601,1987.03937635601
"impulse_pna_glass_500_620ml_1pack","dummy_month_jul","seasonality",2021-12-19,0,0
"impulse_pna_glass_500_620ml_1pack","dummy_month_jul","seasonality",2021-04-04,0,0
"impulse_pna_glass_500_620ml_1pack","dummy_month_jul","seasonality",2021-02-28,0,0
"impulse_pna_glass_500_620ml_1pack","dummy_month_jul","seasonality",2022-10-23,0,0
"impulse_pna_glass_500_620ml_1pack","dummy_month_jul","seasonality",2022-01-09,0,0
"impulse_pna_glass_500_620ml_1pack","dummy_month_jul","seasonality",2021-12-05,0,0
"impulse_pna_glass_500_620ml_1pack","dummy_month_jul","seasonality",2023-01-22,0,0
"impulse_pna_glass_500_620ml_1pack","dummy_month_jul","seasonality",2022-07-10,6954.63781029141,6954.63781029141
"impulse_pna_glass_500_620ml_1pack","dummy_month_jul","seasonality",2021-06-27,2980.55906453402,2980.55906453402
"impulse_pna_glass_500_620ml_1pack","dummy_month_jul","seasonality",2023-01-15,0,0
"impulse_pna_glass_500_620ml_1pack","dummy_month_jul","seasonality",2022-12-11,0,0
"impulse_pna_glass_500_620ml_1pack","dummy_month_jul","seasonality",2022-11-06,0,0
"impulse_pna_glass_500_620ml_1pack","dummy_month_jul","seasonality",2021-01-03,0,0
"impulse_pna_glass_500_620ml_1pack","dummy_month_jul","seasonality",2022-07-24,6954.63781029141,6954.63781029141
"impulse_pna_glass_500_620ml_1pack","dummy_month_jul","seasonality",2021-08-15,0,0
"impulse_pna_glass_500_620ml_1pack","dummy_month_jul","seasonality",2022-01-16,0,0
"impulse_pna_glass_500_620ml_1pack","dummy_month_jul","seasonality",2021-07-11,6954.63781029141,6954.63781029141
"impulse_pna_glass_500_620ml_1pack","dummy_month_jul","seasonality",2023-01-29,0,0
"impulse_pna_glass_500_620ml_1pack","dummy_month_jul","seasonality",2022-12-25,0,0
"impulse_pna_glass_500_620ml_1pack","dummy_month_jul","seasonality",2022-04-10,0,0
"impulse_pna_glass_500_620ml_1pack","dummy_month_jul","seasonality",2021-01-17,0,0
"impulse_pna_glass_500_620ml_1pack","dummy_month_jul","seasonality",2022-08-07,0,0
"impulse_pna_glass_500_620ml_1pack","dummy_month_jul","seasonality",2021-08-29,0,0
"impulse_pna_glass_500_620ml_1pack","dummy_month_jul","seasonality",2021-12-26,0,0
"impulse_pna_glass_500_620ml_1pack","dummy_month_jul","seasonality",2023-09-24,0,0
"impulse_pna_glass_500_620ml_1pack","dummy_month_jul","seasonality",2023-02-12,0,0
"impulse_pna_glass_500_620ml_1pack","dummy_month_jul","seasonality",2022-01-23,0,0
"impulse_pna_glass_500_620ml_1pack","dummy_month_jul","seasonality",2022-04-24,0,0
"impulse_pna_glass_500_620ml_1pack","dummy_month_jul","seasonality",2022-03-20,0,0
"impulse_pna_glass_500_620ml_1pack","dummy_month_jul","seasonality",2023-12-17,0,0
"impulse_pna_glass_500_620ml_1pack","dummy_month_jul","seasonality",2021-09-12,0,0
"impulse_pna_glass_500_620ml_1pack","dummy_month_jul","seasonality",2022-02-13,0,0
"impulse_pna_glass_500_620ml_1pack","dummy_month_jul","seasonality",2021-07-04,6954.63781029141,6954.63781029141
"impulse_pna_glass_500_620ml_1pack","dummy_month_jul","seasonality",2023-02-26,0,0
"impulse_pna_glass_500_620ml_1pack","dummy_month_jul","seasonality",2022-06-12,0,0
"impulse_pna_glass_500_620ml_1pack","dummy_month_jul","seasonality",2022-11-13,0,0
"impulse_pna_glass_500_620ml_1pack","dummy_month_jul","seasonality",2021-01-10,0,0
"impulse_pna_glass_500_620ml_1pack","dummy_month_jul","seasonality",2022-07-31,993.519688178007,993.519688178007
"impulse_pna_glass_500_620ml_1pack","dummy_month_jul","seasonality",2021-08-22,0,0
"impulse_pna_glass_500_620ml_1pack","dummy_month_jul","seasonality",2022-03-27,0,0
"impulse_pna_glass_500_620ml_1pack","dummy_month_jul","seasonality",2021-07-18,6954.63781029141,6954.63781029141
"impulse_pna_glass_500_620ml_1pack","dummy_month_jul","seasonality",2023-02-05,0,0
"impulse_pna_glass_500_620ml_1pack","dummy_month_jul","seasonality",2023-01-01,0,0
"impulse_pna_glass_500_620ml_1pack","dummy_month_jul","seasonality",2022-04-17,0,0
"impulse_pna_glass_500_620ml_1pack","dummy_month_jul","seasonality",2021-01-24,0,0
"impulse_pna_glass_500_620ml_1pack","dummy_month_jul","seasonality",2022-08-14,0,0
"impulse_pna_glass_500_620ml_1pack","dummy_month_jul","seasonality",2021-09-05,0,0
"impulse_pna_glass_500_620ml_1pack","dummy_month_jul","seasonality",2022-01-02,0,0
"impulse_pna_glass_500_620ml_1pack","dummy_month_jul","seasonality",2023-10-01,0,0
"impulse_pna_glass_500_620ml_1pack","dummy_month_jul","seasonality",2023-02-19,0,0
"impulse_pna_glass_500_620ml_1pack","dummy_month_jul","seasonality",2022-01-30,0,0
"impulse_pna_glass_500_620ml_1pack","dummy_month_jul","seasonality",2022-05-01,0,0
"impulse_pna_glass_500_620ml_1pack","dummy_month_jul","seasonality",2023-08-20,0,0
"impulse_pna_glass_500_620ml_1pack","dummy_month_jul","seasonality",2023-12-24,0,0
"impulse_pna_glass_500_620ml_1pack","dummy_month_jul","seasonality",2021-09-19,0,0
"impulse_pna_glass_500_620ml_1pack","dummy_month_jul","seasonality",2022-02-20,0,0
"impulse_pna_glass_500_620ml_1pack","dummy_month_jul","seasonality",2023-10-15,0,0
"impulse_pna_glass_500_620ml_1pack","dummy_month_jul","seasonality",2023-03-05,0,0
"impulse_pna_glass_500_620ml_1pack","dummy_month_jul","seasonality",2023-05-07,0,0
"impulse_pna_glass_500_620ml_1pack","dummy_month_jul","seasonality",2022-11-20,0,0
"impulse_pna_glass_500_620ml_1pack","dummy_month_jul","seasonality",2022-03-06,0,0
"impulse_pna_glass_500_620ml_1pack","dummy_month_jul","seasonality",2023-12-03,0,0
"impulse_pna_glass_500_620ml_1pack","dummy_month_jul","seasonality",2021-10-03,0,0
"impulse_pna_glass_500_620ml_1pack","dummy_month_jul","seasonality",2022-04-03,0,0
"impulse_pna_glass_500_620ml_1pack","dummy_month_jul","seasonality",2021-07-25,6954.63781029141,6954.63781029141
"impulse_pna_glass_500_620ml_1pack","dummy_month_jul","seasonality",2021-09-26,0,0
"impulse_pna_glass_500_620ml_1pack","dummy_month_jul","seasonality",2022-02-27,0,0
"impulse_pna_glass_500_620ml_1pack","dummy_month_jul","seasonality",2022-05-29,0,0
"impulse_pna_glass_500_620ml_1pack","dummy_month_jul","seasonality",2023-03-12,0,0
"impulse_pna_glass_500_620ml_1pack","dummy_month_jul","seasonality",2021-10-17,0,0
"impulse_pna_glass_500_620ml_1pack","dummy_month_jul","seasonality",2023-07-16,6954.63781029141,6954.63781029141
"impulse_pna_glass_500_620ml_1pack","dummy_month_jul","seasonality",2022-03-13,0,0
"impulse_pna_glass_500_620ml_1pack","dummy_month_jul","seasonality",2023-10-08,0,0
"impulse_pna_glass_500_620ml_1pack","dummy_month_jul","seasonality",2023-09-03,0,0
"impulse_pna_glass_500_620ml_1pack","dummy_month_jul","seasonality",2022-02-06,0,0
"impulse_pna_glass_500_620ml_1pack","dummy_month_jul","seasonality",2022-05-08,0,0
"impulse_pna_glass_500_620ml_1pack","dummy_month_jul","seasonality",2023-08-27,0,0
"impulse_pna_glass_500_620ml_1pack","dummy_month_jul","seasonality",2021-10-31,0,0
"impulse_pna_glass_500_620ml_1pack","dummy_month_jul","seasonality",2022-06-05,0,0
"impulse_pna_glass_500_620ml_1pack","dummy_month_jul","seasonality",2023-03-19,0,0
"impulse_pna_glass_500_620ml_1pack","dummy_month_jul","seasonality",2023-10-22,0,0
"impulse_pna_glass_500_620ml_1pack","dummy_month_jul","seasonality",2023-07-23,6954.63781029141,6954.63781029141
"impulse_pna_glass_500_620ml_1pack","dummy_month_jul","seasonality",2023-05-14,0,0
"impulse_pna_glass_500_620ml_1pack","dummy_month_jul","seasonality",2022-11-27,0,0
"impulse_pna_glass_500_620ml_1pack","dummy_month_jul","seasonality",2023-09-10,0,0
"impulse_pna_glass_500_620ml_1pack","dummy_month_jul","seasonality",2023-12-10,0,0
"impulse_pna_glass_500_620ml_1pack","dummy_month_jul","seasonality",2021-10-10,0,0
"impulse_pna_glass_500_620ml_1pack","dummy_month_jul","seasonality",2023-04-02,0,0
"impulse_pna_glass_500_620ml_1pack","dummy_month_jul","seasonality",2021-08-01,0,0
"impulse_pna_glass_500_620ml_1pack","dummy_month_jul","seasonality",2023-08-06,0,0
"impulse_pna_glass_500_620ml_1pack","dummy_month_jul","seasonality",2023-05-28,0,0
"impulse_pna_glass_500_620ml_1pack","dummy_month_jul","seasonality",2023-10-29,0,0
"impulse_pna_glass_500_620ml_1pack","dummy_month_jul","seasonality",2023-07-30,1987.03937635601,1987.03937635601
"impulse_pna_glass_500_620ml_1pack","dummy_month_jul","seasonality",2021-10-24,0,0
"impulse_pna_glass_500_620ml_1pack","dummy_month_jul","seasonality",2023-11-26,0,0
"impulse_pna_glass_500_620ml_1pack","dummy_month_jul","seasonality",2023-09-17,0,0
"impulse_pna_glass_500_620ml_1pack","dummy_month_jul","seasonality",2023-11-19,0,0
"impulse_pna_glass_500_620ml_1pack","dummy_month_jul","seasonality",2022-05-22,0,0
"impulse_pna_glass_500_620ml_1pack","dummy_month_jul","seasonality",2023-06-11,0,0
"impulse_pna_glass_500_620ml_1pack","dummy_month_jul","seasonality",2022-05-15,0,0
"impulse_pna_glass_500_620ml_1pack","dummy_month_jul","seasonality",2023-08-13,0,0
"impulse_pna_glass_500_620ml_1pack","dummy_month_jul","seasonality",2021-11-07,0,0
"impulse_pna_glass_500_620ml_1pack","dummy_month_jul","seasonality",2023-11-05,0,0
"impulse_pna_glass_500_620ml_1pack","dummy_month_jul","seasonality",2023-03-26,0,0
"impulse_pna_glass_500_620ml_1pack","dummy_month_jul","seasonality",2023-07-02,6954.63781029141,6954.63781029141
"impulse_pna_glass_500_620ml_1pack","dummy_month_jul","seasonality",2023-06-18,0,0
"impulse_pna_glass_500_620ml_1pack","dummy_month_jul","seasonality",2023-05-21,0,0
"impulse_pna_glass_500_620ml_1pack","dummy_month_jul","seasonality",2023-06-25,993.519688178007,993.519688178007
"impulse_pna_glass_500_620ml_1pack","dummy_month_jul","seasonality",2023-11-12,0,0
"impulse_pna_glass_500_620ml_1pack","dummy_month_jul","seasonality",2023-04-30,0,0
"impulse_pna_glass_500_620ml_1pack","dummy_month_jul","seasonality",2023-06-04,0,0
"impulse_pna_glass_500_620ml_1pack","dummy_month_jul","seasonality",2023-04-09,0,0
"impulse_pna_glass_500_620ml_1pack","dummy_month_jul","seasonality",2021-11-14,0,0
"impulse_pna_glass_500_620ml_1pack","dummy_month_jul","seasonality",2023-04-16,0,0
"impulse_pna_glass_500_620ml_1pack","dummy_month_jul","seasonality",2023-07-09,6954.63781029141,6954.63781029141
"impulse_pna_glass_500_620ml_1pack","dummy_month_jul","seasonality",2023-04-23,0,0
"impulse_pna_glass_500_620ml_1pack","dummy_month_jun","seasonality",2021-06-13,8162.37523254221,8162.37523254221
"impulse_pna_glass_500_620ml_1pack","dummy_month_jun","seasonality",2021-11-28,0,0
"impulse_pna_glass_500_620ml_1pack","dummy_month_jun","seasonality",2021-11-21,0,0
"impulse_pna_glass_500_620ml_1pack","dummy_month_jun","seasonality",2021-06-06,8162.37523254221,8162.37523254221
"impulse_pna_glass_500_620ml_1pack","dummy_month_jun","seasonality",2022-10-30,0,0
"impulse_pna_glass_500_620ml_1pack","dummy_month_jun","seasonality",2021-05-30,5830.26802091233,5830.26802091233
"impulse_pna_glass_500_620ml_1pack","dummy_month_jun","seasonality",2022-11-06,0,0
"impulse_pna_glass_500_620ml_1pack","dummy_month_jun","seasonality",2021-01-31,0,0
"impulse_pna_glass_500_620ml_1pack","dummy_month_jun","seasonality",2021-12-12,0,0
"impulse_pna_glass_500_620ml_1pack","dummy_month_jun","seasonality",2022-12-04,0,0
"impulse_pna_glass_500_620ml_1pack","dummy_month_jun","seasonality",2022-11-20,0,0
"impulse_pna_glass_500_620ml_1pack","dummy_month_jun","seasonality",2021-12-05,0,0
"impulse_pna_glass_500_620ml_1pack","dummy_month_jun","seasonality",2021-05-23,0,0
"impulse_pna_glass_500_620ml_1pack","dummy_month_jun","seasonality",2022-11-13,0,0
"impulse_pna_glass_500_620ml_1pack","dummy_month_jun","seasonality",2021-05-16,0,0
"impulse_pna_glass_500_620ml_1pack","dummy_month_jun","seasonality",2023-01-15,0,0
"impulse_pna_glass_500_620ml_1pack","dummy_month_jun","seasonality",2021-06-20,8162.37523254221,8162.37523254221
"impulse_pna_glass_500_620ml_1pack","dummy_month_jun","seasonality",2023-01-08,0,0
"impulse_pna_glass_500_620ml_1pack","dummy_month_jun","seasonality",2021-02-07,0,0
"impulse_pna_glass_500_620ml_1pack","dummy_month_jun","seasonality",2021-03-07,0,0
"impulse_pna_glass_500_620ml_1pack","dummy_month_jun","seasonality",2022-07-24,0,0
"impulse_pna_glass_500_620ml_1pack","dummy_month_jun","seasonality",2022-11-27,0,0
"impulse_pna_glass_500_620ml_1pack","dummy_month_jun","seasonality",2021-07-11,0,0
"impulse_pna_glass_500_620ml_1pack","dummy_month_jun","seasonality",2023-01-29,0,0
"impulse_pna_glass_500_620ml_1pack","dummy_month_jun","seasonality",2022-05-15,0,0
"impulse_pna_glass_500_620ml_1pack","dummy_month_jun","seasonality",2023-01-22,0,0
"impulse_pna_glass_500_620ml_1pack","dummy_month_jun","seasonality",2021-02-21,0,0
"impulse_pna_glass_500_620ml_1pack","dummy_month_jun","seasonality",2021-03-21,0,0
"impulse_pna_glass_500_620ml_1pack","dummy_month_jun","seasonality",2022-08-07,0,0
"impulse_pna_glass_500_620ml_1pack","dummy_month_jun","seasonality",2022-12-11,0,0
"impulse_pna_glass_500_620ml_1pack","dummy_month_jun","seasonality",2021-03-14,0,0
"impulse_pna_glass_500_620ml_1pack","dummy_month_jun","seasonality",2023-02-12,0,0
"impulse_pna_glass_500_620ml_1pack","dummy_month_jun","seasonality",2021-12-19,0,0
"impulse_pna_glass_500_620ml_1pack","dummy_month_jun","seasonality",2021-04-11,0,0
"impulse_pna_glass_500_620ml_1pack","dummy_month_jun","seasonality",2022-03-20,0,0
"impulse_pna_glass_500_620ml_1pack","dummy_month_jun","seasonality",2022-08-21,0,0
"impulse_pna_glass_500_620ml_1pack","dummy_month_jun","seasonality",2023-05-07,0,0
"impulse_pna_glass_500_620ml_1pack","dummy_month_jun","seasonality",2022-07-17,0,0
"impulse_pna_glass_500_620ml_1pack","dummy_month_jun","seasonality",2021-03-28,0,0
"impulse_pna_glass_500_620ml_1pack","dummy_month_jun","seasonality",2023-02-26,0,0
"impulse_pna_glass_500_620ml_1pack","dummy_month_jun","seasonality",2021-06-27,4664.21441509739,4664.21441509739
"impulse_pna_glass_500_620ml_1pack","dummy_month_jun","seasonality",2021-04-25,0,0
"impulse_pna_glass_500_620ml_1pack","dummy_month_jun","seasonality",2021-02-14,0,0
"impulse_pna_glass_500_620ml_1pack","dummy_month_jun","seasonality",2021-12-26,0,0
"impulse_pna_glass_500_620ml_1pack","dummy_month_jun","seasonality",2022-07-31,0,0
"impulse_pna_glass_500_620ml_1pack","dummy_month_jun","seasonality",2022-05-29,4664.21441509739,4664.21441509739
"impulse_pna_glass_500_620ml_1pack","dummy_month_jun","seasonality",2021-07-18,0,0
"impulse_pna_glass_500_620ml_1pack","dummy_month_jun","seasonality",2023-02-05,0,0
"impulse_pna_glass_500_620ml_1pack","dummy_month_jun","seasonality",2022-05-22,0,0
"impulse_pna_glass_500_620ml_1pack","dummy_month_jun","seasonality",2021-04-04,0,0
"impulse_pna_glass_500_620ml_1pack","dummy_month_jun","seasonality",2021-02-28,0,0
"impulse_pna_glass_500_620ml_1pack","dummy_month_jun","seasonality",2021-07-04,0,0
"impulse_pna_glass_500_620ml_1pack","dummy_month_jun","seasonality",2022-08-14,0,0
"impulse_pna_glass_500_620ml_1pack","dummy_month_jun","seasonality",2022-12-18,0,0
"impulse_pna_glass_500_620ml_1pack","dummy_month_jun","seasonality",2022-01-02,0,0
"impulse_pna_glass_500_620ml_1pack","dummy_month_jun","seasonality",2023-02-19,0,0
"impulse_pna_glass_500_620ml_1pack","dummy_month_jun","seasonality",2022-06-05,8162.37523254221,8162.37523254221
"impulse_pna_glass_500_620ml_1pack","dummy_month_jun","seasonality",2021-04-18,0,0
"impulse_pna_glass_500_620ml_1pack","dummy_month_jun","seasonality",2022-03-27,0,0
"impulse_pna_glass_500_620ml_1pack","dummy_month_jun","seasonality",2022-08-28,0,0
"impulse_pna_glass_500_620ml_1pack","dummy_month_jun","seasonality",2023-05-14,0,0
"impulse_pna_glass_500_620ml_1pack","dummy_month_jun","seasonality",2021-01-03,0,0
"impulse_pna_glass_500_620ml_1pack","dummy_month_jun","seasonality",2022-01-16,0,0
"impulse_pna_glass_500_620ml_1pack","dummy_month_jun","seasonality",2023-03-05,0,0
"impulse_pna_glass_500_620ml_1pack","dummy_month_jun","seasonality",2022-12-25,0,0
"impulse_pna_glass_500_620ml_1pack","dummy_month_jun","seasonality",2021-05-02,0,0
"impulse_pna_glass_500_620ml_1pack","dummy_month_jun","seasonality",2022-03-06,0,0
"impulse_pna_glass_500_620ml_1pack","dummy_month_jun","seasonality",2022-09-11,0,0
"impulse_pna_glass_500_620ml_1pack","dummy_month_jun","seasonality",2023-05-28,3498.16081744482,3498.16081744482
"impulse_pna_glass_500_620ml_1pack","dummy_month_jun","seasonality",2021-01-17,0,0
"impulse_pna_glass_500_620ml_1pack","dummy_month_jun","seasonality",2021-07-25,0,0
"impulse_pna_glass_500_620ml_1pack","dummy_month_jun","seasonality",2023-08-20,0,0
"impulse_pna_glass_500_620ml_1pack","dummy_month_jun","seasonality",2022-07-03,0,0
"impulse_pna_glass_500_620ml_1pack","dummy_month_jun","seasonality",2022-01-23,0,0
"impulse_pna_glass_500_620ml_1pack","dummy_month_jun","seasonality",2022-04-24,0,0
"impulse_pna_glass_500_620ml_1pack","dummy_month_jun","seasonality",2022-09-25,0,0
"impulse_pna_glass_500_620ml_1pack","dummy_month_jun","seasonality",2023-06-11,8162.37523254221,8162.37523254221
"impulse_pna_glass_500_620ml_1pack","dummy_month_jun","seasonality",2022-02-13,0,0
"impulse_pna_glass_500_620ml_1pack","dummy_month_jun","seasonality",2022-01-09,0,0
"impulse_pna_glass_500_620ml_1pack","dummy_month_jun","seasonality",2023-09-03,0,0
"impulse_pna_glass_500_620ml_1pack","dummy_month_jun","seasonality",2022-06-12,8162.37523254221,8162.37523254221
"impulse_pna_glass_500_620ml_1pack","dummy_month_jun","seasonality",2022-05-08,0,0
"impulse_pna_glass_500_620ml_1pack","dummy_month_jun","seasonality",2022-04-03,0,0
"impulse_pna_glass_500_620ml_1pack","dummy_month_jun","seasonality",2022-09-04,0,0
"impulse_pna_glass_500_620ml_1pack","dummy_month_jun","seasonality",2023-05-21,0,0
"impulse_pna_glass_500_620ml_1pack","dummy_month_jun","seasonality",2021-01-10,0,0
"impulse_pna_glass_500_620ml_1pack","dummy_month_jun","seasonality",2022-10-02,0,0
"impulse_pna_glass_500_620ml_1pack","dummy_month_jun","seasonality",2023-03-12,0,0
"impulse_pna_glass_500_620ml_1pack","dummy_month_jun","seasonality",2023-01-01,0,0
"impulse_pna_glass_500_620ml_1pack","dummy_month_jun","seasonality",2021-05-09,0,0
"impulse_pna_glass_500_620ml_1pack","dummy_month_jun","seasonality",2022-03-13,0,0
"impulse_pna_glass_500_620ml_1pack","dummy_month_jun","seasonality",2022-09-18,0,0
"impulse_pna_glass_500_620ml_1pack","dummy_month_jun","seasonality",2023-06-04,8162.37523254221,8162.37523254221
"impulse_pna_glass_500_620ml_1pack","dummy_month_jun","seasonality",2021-01-24,0,0
"impulse_pna_glass_500_620ml_1pack","dummy_month_jun","seasonality",2021-08-01,0,0
"impulse_pna_glass_500_620ml_1pack","dummy_month_jun","seasonality",2023-08-27,0,0
"impulse_pna_glass_500_620ml_1pack","dummy_month_jun","seasonality",2022-07-10,0,0
"impulse_pna_glass_500_620ml_1pack","dummy_month_jun","seasonality",2023-10-29,0,0
"impulse_pna_glass_500_620ml_1pack","dummy_month_jun","seasonality",2022-05-01,0,0
"impulse_pna_glass_500_620ml_1pack","dummy_month_jun","seasonality",2022-02-27,0,0
"impulse_pna_glass_500_620ml_1pack","dummy_month_jun","seasonality",2023-06-18,8162.37523254221,8162.37523254221
"impulse_pna_glass_500_620ml_1pack","dummy_month_jun","seasonality",2022-02-20,0,0
"impulse_pna_glass_500_620ml_1pack","dummy_month_jun","seasonality",2021-08-15,0,0
"impulse_pna_glass_500_620ml_1pack","dummy_month_jun","seasonality",2023-09-10,0,0
"impulse_pna_glass_500_620ml_1pack","dummy_month_jun","seasonality",2022-06-19,8162.37523254221,8162.37523254221
"impulse_pna_glass_500_620ml_1pack","dummy_month_jun","seasonality",2021-08-08,0,0
"impulse_pna_glass_500_620ml_1pack","dummy_month_jun","seasonality",2022-04-10,0,0
"impulse_pna_glass_500_620ml_1pack","dummy_month_jun","seasonality",2022-10-16,0,0
"impulse_pna_glass_500_620ml_1pack","dummy_month_jun","seasonality",2023-07-02,0,0
"impulse_pna_glass_500_620ml_1pack","dummy_month_jun","seasonality",2022-01-30,0,0
"impulse_pna_glass_500_620ml_1pack","dummy_month_jun","seasonality",2022-10-09,0,0
"impulse_pna_glass_500_620ml_1pack","dummy_month_jun","seasonality",2023-03-19,0,0
"impulse_pna_glass_500_620ml_1pack","dummy_month_jun","seasonality",2023-09-24,0,0
"impulse_pna_glass_500_620ml_1pack","dummy_month_jun","seasonality",2021-08-22,0,0
"impulse_pna_glass_500_620ml_1pack","dummy_month_jun","seasonality",2023-09-17,0,0
"impulse_pna_glass_500_620ml_1pack","dummy_month_jun","seasonality",2023-12-17,0,0
"impulse_pna_glass_500_620ml_1pack","dummy_month_jun","seasonality",2023-07-16,0,0
"impulse_pna_glass_500_620ml_1pack","dummy_month_jun","seasonality",2021-09-12,0,0
"impulse_pna_glass_500_620ml_1pack","dummy_month_jun","seasonality",2022-10-23,0,0
"impulse_pna_glass_500_620ml_1pack","dummy_month_jun","seasonality",2023-04-02,0,0
"impulse_pna_glass_500_620ml_1pack","dummy_month_jun","seasonality",2022-02-06,0,0
"impulse_pna_glass_500_620ml_1pack","dummy_month_jun","seasonality",2023-11-05,0,0
"impulse_pna_glass_500_620ml_1pack","dummy_month_jun","seasonality",2023-03-26,0,0
"impulse_pna_glass_500_620ml_1pack","dummy_month_jun","seasonality",2021-10-03,0,0
"impulse_pna_glass_500_620ml_1pack","dummy_month_jun","seasonality",2023-06-25,6996.32162672727,6996.32162672727
"impulse_pna_glass_500_620ml_1pack","dummy_month_jun","seasonality",2023-07-30,0,0
"impulse_pna_glass_500_620ml_1pack","dummy_month_jun","seasonality",2023-12-24,0,0
"impulse_pna_glass_500_620ml_1pack","dummy_month_jun","seasonality",2023-07-23,0,0
"impulse_pna_glass_500_620ml_1pack","dummy_month_jun","seasonality",2022-06-26,5830.26802091233,5830.26802091233
"impulse_pna_glass_500_620ml_1pack","dummy_month_jun","seasonality",2023-11-19,0,0
"impulse_pna_glass_500_620ml_1pack","dummy_month_jun","seasonality",2022-04-17,0,0
"impulse_pna_glass_500_620ml_1pack","dummy_month_jun","seasonality",2021-10-17,0,0
"impulse_pna_glass_500_620ml_1pack","dummy_month_jun","seasonality",2023-07-09,0,0
"impulse_pna_glass_500_620ml_1pack","dummy_month_jun","seasonality",2023-10-08,0,0
"impulse_pna_glass_500_620ml_1pack","dummy_month_jun","seasonality",2023-12-03,0,0
"impulse_pna_glass_500_620ml_1pack","dummy_month_jun","seasonality",2023-08-06,0,0
"impulse_pna_glass_500_620ml_1pack","dummy_month_jun","seasonality",2023-10-01,0,0
"impulse_pna_glass_500_620ml_1pack","dummy_month_jun","seasonality",2021-08-29,0,0
"impulse_pna_glass_500_620ml_1pack","dummy_month_jun","seasonality",2021-10-24,0,0
"impulse_pna_glass_500_620ml_1pack","dummy_month_jun","seasonality",2021-09-26,0,0
"impulse_pna_glass_500_620ml_1pack","dummy_month_jun","seasonality",2023-11-26,0,0
"impulse_pna_glass_500_620ml_1pack","dummy_month_jun","seasonality",2021-09-19,0,0
"impulse_pna_glass_500_620ml_1pack","dummy_month_jun","seasonality",2023-08-13,0,0
"impulse_pna_glass_500_620ml_1pack","dummy_month_jun","seasonality",2023-04-09,0,0
"impulse_pna_glass_500_620ml_1pack","dummy_month_jun","seasonality",2023-10-15,0,0
"impulse_pna_glass_500_620ml_1pack","dummy_month_jun","seasonality",2023-11-12,0,0
"impulse_pna_glass_500_620ml_1pack","dummy_month_jun","seasonality",2021-11-07,0,0
"impulse_pna_glass_500_620ml_1pack","dummy_month_jun","seasonality",2021-10-10,0,0
"impulse_pna_glass_500_620ml_1pack","dummy_month_jun","seasonality",2021-09-05,0,0
"impulse_pna_glass_500_620ml_1pack","dummy_month_jun","seasonality",2021-10-31,0,0
"impulse_pna_glass_500_620ml_1pack","dummy_month_jun","seasonality",2023-04-16,0,0
"impulse_pna_glass_500_620ml_1pack","dummy_month_jun","seasonality",2023-10-22,0,0
"impulse_pna_glass_500_620ml_1pack","dummy_month_jun","seasonality",2023-04-23,0,0
"impulse_pna_glass_500_620ml_1pack","dummy_month_jun","seasonality",2021-11-14,0,0
"impulse_pna_glass_500_620ml_1pack","dummy_month_jun","seasonality",2023-12-10,0,0
"impulse_pna_glass_500_620ml_1pack","dummy_month_jun","seasonality",2023-04-30,0,0
"impulse_pna_glass_500_620ml_1pack","dummy_month_mar","seasonality",2021-01-31,0,0
"impulse_pna_glass_500_620ml_1pack","dummy_month_mar","seasonality",2023-01-15,0,0
"impulse_pna_glass_500_620ml_1pack","dummy_month_mar","seasonality",2023-01-08,0,0
"impulse_pna_glass_500_620ml_1pack","dummy_month_mar","seasonality",2021-05-16,0,0
"impulse_pna_glass_500_620ml_1pack","dummy_month_mar","seasonality",2023-01-22,0,0
"impulse_pna_glass_500_620ml_1pack","dummy_month_mar","seasonality",2022-06-19,0,0
"impulse_pna_glass_500_620ml_1pack","dummy_month_mar","seasonality",2021-05-23,0,0
"impulse_pna_glass_500_620ml_1pack","dummy_month_mar","seasonality",2021-05-30,0,0
"impulse_pna_glass_500_620ml_1pack","dummy_month_mar","seasonality",2022-11-06,0,0
"impulse_pna_glass_500_620ml_1pack","dummy_month_mar","seasonality",2022-07-03,0,0
"impulse_pna_glass_500_620ml_1pack","dummy_month_mar","seasonality",2022-10-30,0,0
"impulse_pna_glass_500_620ml_1pack","dummy_month_mar","seasonality",2022-12-04,0,0
"impulse_pna_glass_500_620ml_1pack","dummy_month_mar","seasonality",2022-06-26,0,0
"impulse_pna_glass_500_620ml_1pack","dummy_month_mar","seasonality",2023-02-05,0,0
"impulse_pna_glass_500_620ml_1pack","dummy_month_mar","seasonality",2021-06-06,0,0
"impulse_pna_glass_500_620ml_1pack","dummy_month_mar","seasonality",2023-01-29,0,0
"impulse_pna_glass_500_620ml_1pack","dummy_month_mar","seasonality",2022-11-20,0,0
"impulse_pna_glass_500_620ml_1pack","dummy_month_mar","seasonality",2021-07-04,0,0
"impulse_pna_glass_500_620ml_1pack","dummy_month_mar","seasonality",2022-11-13,0,0
"impulse_pna_glass_500_620ml_1pack","dummy_month_mar","seasonality",2022-12-18,0,0
"impulse_pna_glass_500_620ml_1pack","dummy_month_mar","seasonality",2022-07-10,0,0
"impulse_pna_glass_500_620ml_1pack","dummy_month_mar","seasonality",2023-02-19,0,0
"impulse_pna_glass_500_620ml_1pack","dummy_month_mar","seasonality",2021-06-20,0,0
"impulse_pna_glass_500_620ml_1pack","dummy_month_mar","seasonality",2023-02-12,0,0
"impulse_pna_glass_500_620ml_1pack","dummy_month_mar","seasonality",2021-02-07,0,0
"impulse_pna_glass_500_620ml_1pack","dummy_month_mar","seasonality",2021-04-11,0,0
"impulse_pna_glass_500_620ml_1pack","dummy_month_mar","seasonality",2022-07-24,0,0
"impulse_pna_glass_500_620ml_1pack","dummy_month_mar","seasonality",2022-11-27,0,0
"impulse_pna_glass_500_620ml_1pack","dummy_month_mar","seasonality",2021-07-11,0,0
"impulse_pna_glass_500_620ml_1pack","dummy_month_mar","seasonality",2023-03-05,-9873.99806151058,-9873.99806151058
"impulse_pna_glass_500_620ml_1pack","dummy_month_mar","seasonality",2022-12-25,0,0
"impulse_pna_glass_500_620ml_1pack","dummy_month_mar","seasonality",2023-02-26,-5642.28460234576,-5642.28460234576
"impulse_pna_glass_500_620ml_1pack","dummy_month_mar","seasonality",2021-02-21,0,0
"impulse_pna_glass_500_620ml_1pack","dummy_month_mar","seasonality",2021-04-25,0,0
"impulse_pna_glass_500_620ml_1pack","dummy_month_mar","seasonality",2022-08-07,0,0
"impulse_pna_glass_500_620ml_1pack","dummy_month_mar","seasonality",2022-12-11,0,0
"impulse_pna_glass_500_620ml_1pack","dummy_month_mar","seasonality",2021-04-18,0,0
"impulse_pna_glass_500_620ml_1pack","dummy_month_mar","seasonality",2023-08-20,0,0
"impulse_pna_glass_500_620ml_1pack","dummy_month_mar","seasonality",2021-06-13,0,0
"impulse_pna_glass_500_620ml_1pack","dummy_month_mar","seasonality",2021-11-21,0,0
"impulse_pna_glass_500_620ml_1pack","dummy_month_mar","seasonality",2021-03-07,-9873.99806151058,-9873.99806151058
"impulse_pna_glass_500_620ml_1pack","dummy_month_mar","seasonality",2022-09-25,0,0
"impulse_pna_glass_500_620ml_1pack","dummy_month_mar","seasonality",2022-08-21,0,0
"impulse_pna_glass_500_620ml_1pack","dummy_month_mar","seasonality",2022-07-17,0,0
"impulse_pna_glass_500_620ml_1pack","dummy_month_mar","seasonality",2021-05-02,0,0
"impulse_pna_glass_500_620ml_1pack","dummy_month_mar","seasonality",2023-09-03,0,0
"impulse_pna_glass_500_620ml_1pack","dummy_month_mar","seasonality",2021-06-27,0,0
"impulse_pna_glass_500_620ml_1pack","dummy_month_mar","seasonality",2022-06-12,0,0
"impulse_pna_glass_500_620ml_1pack","dummy_month_mar","seasonality",2021-02-14,0,0
"impulse_pna_glass_500_620ml_1pack","dummy_month_mar","seasonality",2023-09-24,0,0
"impulse_pna_glass_500_620ml_1pack","dummy_month_mar","seasonality",2022-07-31,0,0
"impulse_pna_glass_500_620ml_1pack","dummy_month_mar","seasonality",2021-12-26,0,0
"impulse_pna_glass_500_620ml_1pack","dummy_month_mar","seasonality",2021-07-18,0,0
"impulse_pna_glass_500_620ml_1pack","dummy_month_mar","seasonality",2023-03-12,-9873.99806151058,-9873.99806151058
"impulse_pna_glass_500_620ml_1pack","dummy_month_mar","seasonality",2023-01-01,0,0
"impulse_pna_glass_500_620ml_1pack","dummy_month_mar","seasonality",2021-05-09,0,0
"impulse_pna_glass_500_620ml_1pack","dummy_month_mar","seasonality",2021-02-28,-8463.42690845564,-8463.42690845564
"impulse_pna_glass_500_620ml_1pack","dummy_month_mar","seasonality",2023-10-08,0,0
"impulse_pna_glass_500_620ml_1pack","dummy_month_mar","seasonality",2022-08-14,0,0
"impulse_pna_glass_500_620ml_1pack","dummy_month_mar","seasonality",2022-01-09,0,0
"impulse_pna_glass_500_620ml_1pack","dummy_month_mar","seasonality",2023-10-01,0,0
"impulse_pna_glass_500_620ml_1pack","dummy_month_mar","seasonality",2023-08-27,0,0
"impulse_pna_glass_500_620ml_1pack","dummy_month_mar","seasonality",2022-01-02,0,0
"impulse_pna_glass_500_620ml_1pack","dummy_month_mar","seasonality",2021-11-28,0,0
"impulse_pna_glass_500_620ml_1pack","dummy_month_mar","seasonality",2021-03-14,-9873.99806151058,-9873.99806151058
"impulse_pna_glass_500_620ml_1pack","dummy_month_mar","seasonality",2022-10-02,0,0
"impulse_pna_glass_500_620ml_1pack","dummy_month_mar","seasonality",2022-08-28,0,0
"impulse_pna_glass_500_620ml_1pack","dummy_month_mar","seasonality",2021-01-03,0,0
"impulse_pna_glass_500_620ml_1pack","dummy_month_mar","seasonality",2023-10-15,0,0
"impulse_pna_glass_500_620ml_1pack","dummy_month_mar","seasonality",2023-09-10,0,0
"impulse_pna_glass_500_620ml_1pack","dummy_month_mar","seasonality",2022-01-16,0,0
"impulse_pna_glass_500_620ml_1pack","dummy_month_mar","seasonality",2021-12-12,0,0
"impulse_pna_glass_500_620ml_1pack","dummy_month_mar","seasonality",2021-03-28,-5642.28460234576,-5642.28460234576
"impulse_pna_glass_500_620ml_1pack","dummy_month_mar","seasonality",2022-10-16,0,0
"impulse_pna_glass_500_620ml_1pack","dummy_month_mar","seasonality",2022-09-11,0,0
"impulse_pna_glass_500_620ml_1pack","dummy_month_mar","seasonality",2021-01-17,0,0
"impulse_pna_glass_500_620ml_1pack","dummy_month_mar","seasonality",2021-07-25,0,0
"impulse_pna_glass_500_620ml_1pack","dummy_month_mar","seasonality",2023-03-19,-9873.99806151058,-9873.99806151058
"impulse_pna_glass_500_620ml_1pack","dummy_month_mar","seasonality",2021-01-10,0,0
"impulse_pna_glass_500_620ml_1pack","dummy_month_mar","seasonality",2023-10-22,0,0
"impulse_pna_glass_500_620ml_1pack","dummy_month_mar","seasonality",2022-05-29,0,0
"impulse_pna_glass_500_620ml_1pack","dummy_month_mar","seasonality",2023-12-17,0,0
"impulse_pna_glass_500_620ml_1pack","dummy_month_mar","seasonality",2021-10-17,0,0
"impulse_pna_glass_500_620ml_1pack","dummy_month_mar","seasonality",2021-09-12,0,0
"impulse_pna_glass_500_620ml_1pack","dummy_month_mar","seasonality",2021-08-08,0,0
"impulse_pna_glass_500_620ml_1pack","dummy_month_mar","seasonality",2023-04-02,0,0
"impulse_pna_glass_500_620ml_1pack","dummy_month_mar","seasonality",2021-01-24,0,0
"impulse_pna_glass_500_620ml_1pack","dummy_month_mar","seasonality",2021-12-05,0,0
"impulse_pna_glass_500_620ml_1pack","dummy_month_mar","seasonality",2021-03-21,-9873.99806151058,-9873.99806151058
"impulse_pna_glass_500_620ml_1pack","dummy_month_mar","seasonality",2022-10-09,0,0
"impulse_pna_glass_500_620ml_1pack","dummy_month_mar","seasonality",2022-09-04,0,0
"impulse_pna_glass_500_620ml_1pack","dummy_month_mar","seasonality",2022-06-05,0,0
"impulse_pna_glass_500_620ml_1pack","dummy_month_mar","seasonality",2023-12-24,0,0
"impulse_pna_glass_500_620ml_1pack","dummy_month_mar","seasonality",2023-09-17,0,0
"impulse_pna_glass_500_620ml_1pack","dummy_month_mar","seasonality",2022-01-23,0,0
"impulse_pna_glass_500_620ml_1pack","dummy_month_mar","seasonality",2021-12-19,0,0
"impulse_pna_glass_500_620ml_1pack","dummy_month_mar","seasonality",2021-04-04,0,0
"impulse_pna_glass_500_620ml_1pack","dummy_month_mar","seasonality",2022-10-23,0,0
"impulse_pna_glass_500_620ml_1pack","dummy_month_mar","seasonality",2022-09-18,0,0
"impulse_pna_glass_500_620ml_1pack","dummy_month_mar","seasonality",2022-05-15,0,0
"impulse_pna_glass_500_620ml_1pack","dummy_month_mar","seasonality",2021-08-01,0,0
"impulse_pna_glass_500_620ml_1pack","dummy_month_mar","seasonality",2023-03-26,-8463.42690845564,-8463.42690845564
"impulse_pna_glass_500_620ml_1pack","dummy_month_mar","seasonality",2022-03-06,-9873.99806151058,-9873.99806151058
"impulse_pna_glass_500_620ml_1pack","dummy_month_mar","seasonality",2023-10-29,0,0
"impulse_pna_glass_500_620ml_1pack","dummy_month_mar","seasonality",2022-01-30,0,0
"impulse_pna_glass_500_620ml_1pack","dummy_month_mar","seasonality",2021-09-26,0,0
"impulse_pna_glass_500_620ml_1pack","dummy_month_mar","seasonality",2021-10-24,0,0
"impulse_pna_glass_500_620ml_1pack","dummy_month_mar","seasonality",2021-09-19,0,0
"impulse_pna_glass_500_620ml_1pack","dummy_month_mar","seasonality",2021-08-15,0,0
"impulse_pna_glass_500_620ml_1pack","dummy_month_mar","seasonality",2023-04-09,0,0
"impulse_pna_glass_500_620ml_1pack","dummy_month_mar","seasonality",2022-03-20,-9873.99806151058,-9873.99806151058
"impulse_pna_glass_500_620ml_1pack","dummy_month_mar","seasonality",2023-11-12,0,0
"impulse_pna_glass_500_620ml_1pack","dummy_month_mar","seasonality",2022-02-13,0,0
"impulse_pna_glass_500_620ml_1pack","dummy_month_mar","seasonality",2023-12-03,0,0
"impulse_pna_glass_500_620ml_1pack","dummy_month_mar","seasonality",2022-04-10,0,0
"impulse_pna_glass_500_620ml_1pack","dummy_month_mar","seasonality",2022-02-06,0,0
"impulse_pna_glass_500_620ml_1pack","dummy_month_mar","seasonality",2022-05-08,0,0
"impulse_pna_glass_500_620ml_1pack","dummy_month_mar","seasonality",2021-10-31,0,0
"impulse_pna_glass_500_620ml_1pack","dummy_month_mar","seasonality",2023-04-23,0,0
"impulse_pna_glass_500_620ml_1pack","dummy_month_mar","seasonality",2021-08-22,0,0
"impulse_pna_glass_500_620ml_1pack","dummy_month_mar","seasonality",2023-04-16,0,0
"impulse_pna_glass_500_620ml_1pack","dummy_month_mar","seasonality",2022-03-27,-7052.8557554007,-7052.8557554007
"impulse_pna_glass_500_620ml_1pack","dummy_month_mar","seasonality",2022-04-24,0,0
"impulse_pna_glass_500_620ml_1pack","dummy_month_mar","seasonality",2022-05-22,0,0
"impulse_pna_glass_500_620ml_1pack","dummy_month_mar","seasonality",2023-12-10,0,0
"impulse_pna_glass_500_620ml_1pack","dummy_month_mar","seasonality",2022-04-17,0,0
"impulse_pna_glass_500_620ml_1pack","dummy_month_mar","seasonality",2022-03-13,-9873.99806151058,-9873.99806151058
"impulse_pna_glass_500_620ml_1pack","dummy_month_mar","seasonality",2023-11-05,0,0
"impulse_pna_glass_500_620ml_1pack","dummy_month_mar","seasonality",2021-11-07,0,0
"impulse_pna_glass_500_620ml_1pack","dummy_month_mar","seasonality",2021-10-03,0,0
"impulse_pna_glass_500_620ml_1pack","dummy_month_mar","seasonality",2021-08-29,0,0
"impulse_pna_glass_500_620ml_1pack","dummy_month_mar","seasonality",2023-07-02,0,0
"impulse_pna_glass_500_620ml_1pack","dummy_month_mar","seasonality",2022-04-03,0,0
"impulse_pna_glass_500_620ml_1pack","dummy_month_mar","seasonality",2022-05-01,0,0
"impulse_pna_glass_500_620ml_1pack","dummy_month_mar","seasonality",2022-02-27,-7052.8557554007,-7052.8557554007
"impulse_pna_glass_500_620ml_1pack","dummy_month_mar","seasonality",2023-11-19,0,0
"impulse_pna_glass_500_620ml_1pack","dummy_month_mar","seasonality",2022-02-20,0,0
"impulse_pna_glass_500_620ml_1pack","dummy_month_mar","seasonality",2023-07-16,0,0
"impulse_pna_glass_500_620ml_1pack","dummy_month_mar","seasonality",2023-06-11,0,0
"impulse_pna_glass_500_620ml_1pack","dummy_month_mar","seasonality",2023-05-07,0,0
"impulse_pna_glass_500_620ml_1pack","dummy_month_mar","seasonality",2021-10-10,0,0
"impulse_pna_glass_500_620ml_1pack","dummy_month_mar","seasonality",2021-09-05,0,0
"impulse_pna_glass_500_620ml_1pack","dummy_month_mar","seasonality",2023-04-30,0,0
"impulse_pna_glass_500_620ml_1pack","dummy_month_mar","seasonality",2023-08-06,0,0
"impulse_pna_glass_500_620ml_1pack","dummy_month_mar","seasonality",2023-07-23,0,0
"impulse_pna_glass_500_620ml_1pack","dummy_month_mar","seasonality",2023-05-28,0,0
"impulse_pna_glass_500_620ml_1pack","dummy_month_mar","seasonality",2023-11-26,0,0
"impulse_pna_glass_500_620ml_1pack","dummy_month_mar","seasonality",2023-06-25,0,0
"impulse_pna_glass_500_620ml_1pack","dummy_month_mar","seasonality",2021-11-14,0,0
"impulse_pna_glass_500_620ml_1pack","dummy_month_mar","seasonality",2023-06-18,0,0
"impulse_pna_glass_500_620ml_1pack","dummy_month_mar","seasonality",2023-05-14,0,0
"impulse_pna_glass_500_620ml_1pack","dummy_month_mar","seasonality",2023-07-09,0,0
"impulse_pna_glass_500_620ml_1pack","dummy_month_mar","seasonality",2023-06-04,0,0
"impulse_pna_glass_500_620ml_1pack","dummy_month_mar","seasonality",2023-05-21,0,0
"impulse_pna_glass_500_620ml_1pack","dummy_month_mar","seasonality",2023-08-13,0,0
"impulse_pna_glass_500_620ml_1pack","dummy_month_mar","seasonality",2023-07-30,0,0
"impulse_pna_glass_500_620ml_1pack","dummy_month_nov","seasonality",2021-06-20,0,0
"impulse_pna_glass_500_620ml_1pack","dummy_month_nov","seasonality",2021-07-04,0,0
"impulse_pna_glass_500_620ml_1pack","dummy_month_nov","seasonality",2022-08-07,0,0
"impulse_pna_glass_500_620ml_1pack","dummy_month_nov","seasonality",2022-08-21,0,0
"impulse_pna_glass_500_620ml_1pack","dummy_month_nov","seasonality",2023-01-08,0,0
"impulse_pna_glass_500_620ml_1pack","dummy_month_nov","seasonality",2022-09-11,0,0
"impulse_pna_glass_500_620ml_1pack","dummy_month_nov","seasonality",2022-08-28,0,0
"impulse_pna_glass_500_620ml_1pack","dummy_month_nov","seasonality",2022-07-24,0,0
"impulse_pna_glass_500_620ml_1pack","dummy_month_nov","seasonality",2021-07-11,0,0
"impulse_pna_glass_500_620ml_1pack","dummy_month_nov","seasonality",2023-02-26,0,0
"impulse_pna_glass_500_620ml_1pack","dummy_month_nov","seasonality",2023-01-29,0,0
"impulse_pna_glass_500_620ml_1pack","dummy_month_nov","seasonality",2023-02-19,0,0
"impulse_pna_glass_500_620ml_1pack","dummy_month_nov","seasonality",2021-06-27,0,0
"impulse_pna_glass_500_620ml_1pack","dummy_month_nov","seasonality",2023-02-12,0,0
"impulse_pna_glass_500_620ml_1pack","dummy_month_nov","seasonality",2021-05-23,0,0
"impulse_pna_glass_500_620ml_1pack","dummy_month_nov","seasonality",2023-01-15,0,0
"impulse_pna_glass_500_620ml_1pack","dummy_month_nov","seasonality",2021-05-16,0,0
"impulse_pna_glass_500_620ml_1pack","dummy_month_nov","seasonality",2022-09-04,0,0
"impulse_pna_glass_500_620ml_1pack","dummy_month_nov","seasonality",2022-07-31,0,0
"impulse_pna_glass_500_620ml_1pack","dummy_month_nov","seasonality",2022-12-04,0,0
"impulse_pna_glass_500_620ml_1pack","dummy_month_nov","seasonality",2023-03-05,0,0
"impulse_pna_glass_500_620ml_1pack","dummy_month_nov","seasonality",2023-02-05,0,0
"impulse_pna_glass_500_620ml_1pack","dummy_month_nov","seasonality",2021-06-06,0,0
"impulse_pna_glass_500_620ml_1pack","dummy_month_nov","seasonality",2022-09-25,0,0
"impulse_pna_glass_500_620ml_1pack","dummy_month_nov","seasonality",2021-05-30,0,0
"impulse_pna_glass_500_620ml_1pack","dummy_month_nov","seasonality",2022-09-18,0,0
"impulse_pna_glass_500_620ml_1pack","dummy_month_nov","seasonality",2022-08-14,0,0
"impulse_pna_glass_500_620ml_1pack","dummy_month_nov","seasonality",2022-12-18,0,0
"impulse_pna_glass_500_620ml_1pack","dummy_month_nov","seasonality",2023-03-19,0,0
"impulse_pna_glass_500_620ml_1pack","dummy_month_nov","seasonality",2021-07-25,0,0
"impulse_pna_glass_500_620ml_1pack","dummy_month_nov","seasonality",2021-01-17,0,0
"impulse_pna_glass_500_620ml_1pack","dummy_month_nov","seasonality",2023-08-20,0,0
"impulse_pna_glass_500_620ml_1pack","dummy_month_nov","seasonality",2021-07-18,0,0
"impulse_pna_glass_500_620ml_1pack","dummy_month_nov","seasonality",2021-06-13,0,0
"impulse_pna_glass_500_620ml_1pack","dummy_month_nov","seasonality",2022-10-02,0,0
"impulse_pna_glass_500_620ml_1pack","dummy_month_nov","seasonality",2021-08-15,0,0
"impulse_pna_glass_500_620ml_1pack","dummy_month_nov","seasonality",2021-01-03,0,0
"impulse_pna_glass_500_620ml_1pack","dummy_month_nov","seasonality",2021-08-08,0,0
"impulse_pna_glass_500_620ml_1pack","dummy_month_nov","seasonality",2022-07-17,0,0
"impulse_pna_glass_500_620ml_1pack","dummy_month_nov","seasonality",2023-01-22,0,0
"impulse_pna_glass_500_620ml_1pack","dummy_month_nov","seasonality",2021-08-01,0,0
"impulse_pna_glass_500_620ml_1pack","dummy_month_nov","seasonality",2021-01-24,0,0
"impulse_pna_glass_500_620ml_1pack","dummy_month_nov","seasonality",2023-08-27,0,0
"impulse_pna_glass_500_620ml_1pack","dummy_month_nov","seasonality",2022-12-11,0,0
"impulse_pna_glass_500_620ml_1pack","dummy_month_nov","seasonality",2023-03-12,0,0
"impulse_pna_glass_500_620ml_1pack","dummy_month_nov","seasonality",2022-10-09,0,0
"impulse_pna_glass_500_620ml_1pack","dummy_month_nov","seasonality",2021-12-26,0,0
"impulse_pna_glass_500_620ml_1pack","dummy_month_nov","seasonality",2022-10-30,-6621.10914501695,-6621.10914501695
"impulse_pna_glass_500_620ml_1pack","dummy_month_nov","seasonality",2021-03-07,0,0
"impulse_pna_glass_500_620ml_1pack","dummy_month_nov","seasonality",2021-01-31,0,0
"impulse_pna_glass_500_620ml_1pack","dummy_month_nov","seasonality",2023-09-10,0,0
"impulse_pna_glass_500_620ml_1pack","dummy_month_nov","seasonality",2022-12-25,0,0
"impulse_pna_glass_500_620ml_1pack","dummy_month_nov","seasonality",2023-03-26,0,0
"impulse_pna_glass_500_620ml_1pack","dummy_month_nov","seasonality",2023-09-03,0,0
"impulse_pna_glass_500_620ml_1pack","dummy_month_nov","seasonality",2022-01-09,0,0
"impulse_pna_glass_500_620ml_1pack","dummy_month_nov","seasonality",2022-10-16,0,0
"impulse_pna_glass_500_620ml_1pack","dummy_month_nov","seasonality",2021-08-29,0,0
"impulse_pna_glass_500_620ml_1pack","dummy_month_nov","seasonality",2023-09-24,0,0
"impulse_pna_glass_500_620ml_1pack","dummy_month_nov","seasonality",2022-11-06,-9269.55280673155,-9269.55280673155
"impulse_pna_glass_500_620ml_1pack","dummy_month_nov","seasonality",2021-08-22,0,0
"impulse_pna_glass_500_620ml_1pack","dummy_month_nov","seasonality",2021-01-10,0,0
"impulse_pna_glass_500_620ml_1pack","dummy_month_nov","seasonality",2023-09-17,0,0
"impulse_pna_glass_500_620ml_1pack","dummy_month_nov","seasonality",2023-01-01,0,0
"impulse_pna_glass_500_620ml_1pack","dummy_month_nov","seasonality",2023-04-02,0,0
"impulse_pna_glass_500_620ml_1pack","dummy_month_nov","seasonality",2021-09-12,0,0
"impulse_pna_glass_500_620ml_1pack","dummy_month_nov","seasonality",2023-10-08,0,0
"impulse_pna_glass_500_620ml_1pack","dummy_month_nov","seasonality",2022-10-23,0,0
"impulse_pna_glass_500_620ml_1pack","dummy_month_nov","seasonality",2021-09-05,0,0
"impulse_pna_glass_500_620ml_1pack","dummy_month_nov","seasonality",2023-10-01,0,0
"impulse_pna_glass_500_620ml_1pack","dummy_month_nov","seasonality",2023-04-23,0,0
"impulse_pna_glass_500_620ml_1pack","dummy_month_nov","seasonality",2022-01-02,0,0
"impulse_pna_glass_500_620ml_1pack","dummy_month_nov","seasonality",2023-10-29,-5296.88731415965,-5296.88731415965
"impulse_pna_glass_500_620ml_1pack","dummy_month_nov","seasonality",2021-03-14,0,0
"impulse_pna_glass_500_620ml_1pack","dummy_month_nov","seasonality",2021-02-07,0,0
"impulse_pna_glass_500_620ml_1pack","dummy_month_nov","seasonality",2023-04-09,0,0
"impulse_pna_glass_500_620ml_1pack","dummy_month_nov","seasonality",2021-09-19,0,0
"impulse_pna_glass_500_620ml_1pack","dummy_month_nov","seasonality",2023-10-15,0,0
"impulse_pna_glass_500_620ml_1pack","dummy_month_nov","seasonality",2023-05-07,0,0
"impulse_pna_glass_500_620ml_1pack","dummy_month_nov","seasonality",2022-01-16,0,0
"impulse_pna_glass_500_620ml_1pack","dummy_month_nov","seasonality",2022-11-20,-9269.55280673155,-9269.55280673155
"impulse_pna_glass_500_620ml_1pack","dummy_month_nov","seasonality",2021-03-28,0,0
"impulse_pna_glass_500_620ml_1pack","dummy_month_nov","seasonality",2021-02-21,0,0
"impulse_pna_glass_500_620ml_1pack","dummy_month_nov","seasonality",2022-11-13,-9269.55280673155,-9269.55280673155
"impulse_pna_glass_500_620ml_1pack","dummy_month_nov","seasonality",2022-03-06,0,0
"impulse_pna_glass_500_620ml_1pack","dummy_month_nov","seasonality",2021-02-14,0,0
"impulse_pna_glass_500_620ml_1pack","dummy_month_nov","seasonality",2023-04-16,0,0
"impulse_pna_glass_500_620ml_1pack","dummy_month_nov","seasonality",2022-01-30,0,0
"impulse_pna_glass_500_620ml_1pack","dummy_month_nov","seasonality",2022-07-03,0,0
"impulse_pna_glass_500_620ml_1pack","dummy_month_nov","seasonality",2021-04-11,0,0
"impulse_pna_glass_500_620ml_1pack","dummy_month_nov","seasonality",2023-12-17,0,0
"impulse_pna_glass_500_620ml_1pack","dummy_month_nov","seasonality",2022-11-27,-5296.88731415965,-5296.88731415965
"impulse_pna_glass_500_620ml_1pack","dummy_month_nov","seasonality",2022-03-20,0,0
"impulse_pna_glass_500_620ml_1pack","dummy_month_nov","seasonality",2023-11-12,-9269.55280673155,-9269.55280673155
"impulse_pna_glass_500_620ml_1pack","dummy_month_nov","seasonality",2023-04-30,0,0
"impulse_pna_glass_500_620ml_1pack","dummy_month_nov","seasonality",2022-02-13,0,0
"impulse_pna_glass_500_620ml_1pack","dummy_month_nov","seasonality",2023-11-05,-9269.55280673155,-9269.55280673155
"impulse_pna_glass_500_620ml_1pack","dummy_month_nov","seasonality",2021-03-21,0,0
"impulse_pna_glass_500_620ml_1pack","dummy_month_nov","seasonality",2022-02-06,0,0
"impulse_pna_glass_500_620ml_1pack","dummy_month_nov","seasonality",2022-07-10,0,0
"impulse_pna_glass_500_620ml_1pack","dummy_month_nov","seasonality",2021-09-26,0,0
"impulse_pna_glass_500_620ml_1pack","dummy_month_nov","seasonality",2023-10-22,0,0
"impulse_pna_glass_500_620ml_1pack","dummy_month_nov","seasonality",2023-05-14,0,0
"impulse_pna_glass_500_620ml_1pack","dummy_month_nov","seasonality",2022-01-23,0,0
"impulse_pna_glass_500_620ml_1pack","dummy_month_nov","seasonality",2023-11-19,-9269.55280673155,-9269.55280673155
"impulse_pna_glass_500_620ml_1pack","dummy_month_nov","seasonality",2021-04-04,0,0
"impulse_pna_glass_500_620ml_1pack","dummy_month_nov","seasonality",2021-02-28,0,0
"impulse_pna_glass_500_620ml_1pack","dummy_month_nov","seasonality",2022-06-19,0,0
"impulse_pna_glass_500_620ml_1pack","dummy_month_nov","seasonality",2022-03-13,0,0
"impulse_pna_glass_500_620ml_1pack","dummy_month_nov","seasonality",2023-12-03,0,0
"impulse_pna_glass_500_620ml_1pack","dummy_month_nov","seasonality",2022-04-10,0,0
"impulse_pna_glass_500_620ml_1pack","dummy_month_nov","seasonality",2021-10-03,0,0
"impulse_pna_glass_500_620ml_1pack","dummy_month_nov","seasonality",2022-06-12,0,0
"impulse_pna_glass_500_620ml_1pack","dummy_month_nov","seasonality",2021-04-18,0,0
"impulse_pna_glass_500_620ml_1pack","dummy_month_nov","seasonality",2023-12-24,0,0
"impulse_pna_glass_500_620ml_1pack","dummy_month_nov","seasonality",2023-11-26,-6621.10914501695,-6621.10914501695
"impulse_pna_glass_500_620ml_1pack","dummy_month_nov","seasonality",2022-03-27,0,0
"impulse_pna_glass_500_620ml_1pack","dummy_month_nov","seasonality",2023-07-16,0,0
"impulse_pna_glass_500_620ml_1pack","dummy_month_nov","seasonality",2022-04-24,0,0
"impulse_pna_glass_500_620ml_1pack","dummy_month_nov","seasonality",2022-02-20,0,0
"impulse_pna_glass_500_620ml_1pack","dummy_month_nov","seasonality",2023-12-10,0,0
"impulse_pna_glass_500_620ml_1pack","dummy_month_nov","seasonality",2021-05-02,0,0
"impulse_pna_glass_500_620ml_1pack","dummy_month_nov","seasonality",2021-10-10,0,0
"impulse_pna_glass_500_620ml_1pack","dummy_month_nov","seasonality",2023-08-06,0,0
"impulse_pna_glass_500_620ml_1pack","dummy_month_nov","seasonality",2021-04-25,0,0
"impulse_pna_glass_500_620ml_1pack","dummy_month_nov","seasonality",2021-11-07,-9269.55280673155,-9269.55280673155
"impulse_pna_glass_500_620ml_1pack","dummy_month_nov","seasonality",2023-05-21,0,0
"impulse_pna_glass_500_620ml_1pack","dummy_month_nov","seasonality",2022-04-03,0,0
"impulse_pna_glass_500_620ml_1pack","dummy_month_nov","seasonality",2023-07-23,0,0
"impulse_pna_glass_500_620ml_1pack","dummy_month_nov","seasonality",2021-11-21,-9269.55280673155,-9269.55280673155
"impulse_pna_glass_500_620ml_1pack","dummy_month_nov","seasonality",2022-02-27,0,0
"impulse_pna_glass_500_620ml_1pack","dummy_month_nov","seasonality",2022-06-26,0,0
"impulse_pna_glass_500_620ml_1pack","dummy_month_nov","seasonality",2021-10-17,0,0
"impulse_pna_glass_500_620ml_1pack","dummy_month_nov","seasonality",2021-12-19,0,0
"impulse_pna_glass_500_620ml_1pack","dummy_month_nov","seasonality",2022-04-17,0,0
"impulse_pna_glass_500_620ml_1pack","dummy_month_nov","seasonality",2021-12-12,0,0
"impulse_pna_glass_500_620ml_1pack","dummy_month_nov","seasonality",2021-11-14,-9269.55280673155,-9269.55280673155
"impulse_pna_glass_500_620ml_1pack","dummy_month_nov","seasonality",2023-05-28,0,0
"impulse_pna_glass_500_620ml_1pack","dummy_month_nov","seasonality",2021-12-05,0,0
"impulse_pna_glass_500_620ml_1pack","dummy_month_nov","seasonality",2023-07-30,0,0
"impulse_pna_glass_500_620ml_1pack","dummy_month_nov","seasonality",2021-11-28,-3972.6654925719,-3972.6654925719
"impulse_pna_glass_500_620ml_1pack","dummy_month_nov","seasonality",2021-10-31,-7945.33097587425,-7945.33097587425
"impulse_pna_glass_500_620ml_1pack","dummy_month_nov","seasonality",2022-05-01,0,0
"impulse_pna_glass_500_620ml_1pack","dummy_month_nov","seasonality",2021-10-24,0,0
"impulse_pna_glass_500_620ml_1pack","dummy_month_nov","seasonality",2022-06-05,0,0
"impulse_pna_glass_500_620ml_1pack","dummy_month_nov","seasonality",2021-05-09,0,0
"impulse_pna_glass_500_620ml_1pack","dummy_month_nov","seasonality",2022-05-29,0,0
"impulse_pna_glass_500_620ml_1pack","dummy_month_nov","seasonality",2023-08-13,0,0
"impulse_pna_glass_500_620ml_1pack","dummy_month_nov","seasonality",2023-06-04,0,0
"impulse_pna_glass_500_620ml_1pack","dummy_month_nov","seasonality",2022-05-22,0,0
"impulse_pna_glass_500_620ml_1pack","dummy_month_nov","seasonality",2023-07-09,0,0
"impulse_pna_glass_500_620ml_1pack","dummy_month_nov","seasonality",2022-05-15,0,0
"impulse_pna_glass_500_620ml_1pack","dummy_month_nov","seasonality",2023-07-02,0,0
"impulse_pna_glass_500_620ml_1pack","dummy_month_nov","seasonality",2022-05-08,0,0
"impulse_pna_glass_500_620ml_1pack","dummy_month_nov","seasonality",2023-06-25,0,0
"impulse_pna_glass_500_620ml_1pack","dummy_month_nov","seasonality",2023-06-18,0,0
"impulse_pna_glass_500_620ml_1pack","dummy_month_nov","seasonality",2023-06-11,0,0
"impulse_pna_glass_500_620ml_1pack","dummy_month_sep","seasonality",2021-07-18,0,0
"impulse_pna_glass_500_620ml_1pack","dummy_month_sep","seasonality",2021-07-11,0,0
"impulse_pna_glass_500_620ml_1pack","dummy_month_sep","seasonality",2021-07-04,0,0
"impulse_pna_glass_500_620ml_1pack","dummy_month_sep","seasonality",2022-08-21,0,0
"impulse_pna_glass_500_620ml_1pack","dummy_month_sep","seasonality",2021-06-27,0,0
"impulse_pna_glass_500_620ml_1pack","dummy_month_sep","seasonality",2022-08-14,0,0
"impulse_pna_glass_500_620ml_1pack","dummy_month_sep","seasonality",2021-06-20,0,0
"impulse_pna_glass_500_620ml_1pack","dummy_month_sep","seasonality",2022-08-07,0,0
"impulse_pna_glass_500_620ml_1pack","dummy_month_sep","seasonality",2021-07-25,0,0
"impulse_pna_glass_500_620ml_1pack","dummy_month_sep","seasonality",2021-05-16,0,0
"impulse_pna_glass_500_620ml_1pack","dummy_month_sep","seasonality",2022-07-31,0,0
"impulse_pna_glass_500_620ml_1pack","dummy_month_sep","seasonality",2023-08-20,0,0
"impulse_pna_glass_500_620ml_1pack","dummy_month_sep","seasonality",2022-07-24,0,0
"impulse_pna_glass_500_620ml_1pack","dummy_month_sep","seasonality",2023-03-05,0,0
"impulse_pna_glass_500_620ml_1pack","dummy_month_sep","seasonality",2022-08-28,4679.92101687108,4679.92101687108
"impulse_pna_glass_500_620ml_1pack","dummy_month_sep","seasonality",2023-02-26,0,0
"impulse_pna_glass_500_620ml_1pack","dummy_month_sep","seasonality",2023-01-29,0,0
"impulse_pna_glass_500_620ml_1pack","dummy_month_sep","seasonality",2021-05-30,0,0
"impulse_pna_glass_500_620ml_1pack","dummy_month_sep","seasonality",2023-01-22,0,0
"impulse_pna_glass_500_620ml_1pack","dummy_month_sep","seasonality",2021-08-01,0,0
"impulse_pna_glass_500_620ml_1pack","dummy_month_sep","seasonality",2023-02-12,0,0
"impulse_pna_glass_500_620ml_1pack","dummy_month_sep","seasonality",2023-01-15,0,0
"impulse_pna_glass_500_620ml_1pack","dummy_month_sep","seasonality",2022-09-11,10919.8156951127,10919.8156951127
"impulse_pna_glass_500_620ml_1pack","dummy_month_sep","seasonality",2023-01-08,0,0
"impulse_pna_glass_500_620ml_1pack","dummy_month_sep","seasonality",2023-03-12,0,0
"impulse_pna_glass_500_620ml_1pack","dummy_month_sep","seasonality",2022-07-03,0,0
"impulse_pna_glass_500_620ml_1pack","dummy_month_sep","seasonality",2022-10-30,0,0
"impulse_pna_glass_500_620ml_1pack","dummy_month_sep","seasonality",2023-02-05,0,0
"impulse_pna_glass_500_620ml_1pack","dummy_month_sep","seasonality",2021-06-06,0,0
"impulse_pna_glass_500_620ml_1pack","dummy_month_sep","seasonality",2022-09-25,9359.84202282235,9359.84202282235
"impulse_pna_glass_500_620ml_1pack","dummy_month_sep","seasonality",2021-08-08,0,0
"impulse_pna_glass_500_620ml_1pack","dummy_month_sep","seasonality",2023-02-19,0,0
"impulse_pna_glass_500_620ml_1pack","dummy_month_sep","seasonality",2023-09-03,10919.8156951127,10919.8156951127
"impulse_pna_glass_500_620ml_1pack","dummy_month_sep","seasonality",2021-05-23,0,0
"impulse_pna_glass_500_620ml_1pack","dummy_month_sep","seasonality",2023-03-19,0,0
"impulse_pna_glass_500_620ml_1pack","dummy_month_sep","seasonality",2023-08-27,3119.94734458072,3119.94734458072
"impulse_pna_glass_500_620ml_1pack","dummy_month_sep","seasonality",2021-01-17,0,0
"impulse_pna_glass_500_620ml_1pack","dummy_month_sep","seasonality",2022-11-06,0,0
"impulse_pna_glass_500_620ml_1pack","dummy_month_sep","seasonality",2022-09-04,10919.8156951127,10919.8156951127
"impulse_pna_glass_500_620ml_1pack","dummy_month_sep","seasonality",2021-06-13,0,0
"impulse_pna_glass_500_620ml_1pack","dummy_month_sep","seasonality",2022-10-02,0,0
"impulse_pna_glass_500_620ml_1pack","dummy_month_sep","seasonality",2021-01-31,0,0
"impulse_pna_glass_500_620ml_1pack","dummy_month_sep","seasonality",2021-01-03,0,0
"impulse_pna_glass_500_620ml_1pack","dummy_month_sep","seasonality",2023-09-10,10919.8156951127,10919.8156951127
"impulse_pna_glass_500_620ml_1pack","dummy_month_sep","seasonality",2022-07-17,0,0
"impulse_pna_glass_500_620ml_1pack","dummy_month_sep","seasonality",2023-03-26,0,0
"impulse_pna_glass_500_620ml_1pack","dummy_month_sep","seasonality",2022-09-18,10919.8156951127,10919.8156951127
"impulse_pna_glass_500_620ml_1pack","dummy_month_sep","seasonality",2021-01-24,0,0
"impulse_pna_glass_500_620ml_1pack","dummy_month_sep","seasonality",2022-10-16,0,0
"impulse_pna_glass_500_620ml_1pack","dummy_month_sep","seasonality",2022-07-10,0,0
"impulse_pna_glass_500_620ml_1pack","dummy_month_sep","seasonality",2023-10-29,0,0
"impulse_pna_glass_500_620ml_1pack","dummy_month_sep","seasonality",2023-09-24,10919.8156951127,10919.8156951127
"impulse_pna_glass_500_620ml_1pack","dummy_month_sep","seasonality",2021-02-07,0,0
"impulse_pna_glass_500_620ml_1pack","dummy_month_sep","seasonality",2022-12-04,0,0
"impulse_pna_glass_500_620ml_1pack","dummy_month_sep","seasonality",2021-08-15,0,0
"impulse_pna_glass_500_620ml_1pack","dummy_month_sep","seasonality",2021-03-07,0,0
"impulse_pna_glass_500_620ml_1pack","dummy_month_sep","seasonality",2023-04-02,0,0
"impulse_pna_glass_500_620ml_1pack","dummy_month_sep","seasonality",2022-06-19,0,0
"impulse_pna_glass_500_620ml_1pack","dummy_month_sep","seasonality",2022-11-20,0,0
"impulse_pna_glass_500_620ml_1pack","dummy_month_sep","seasonality",2023-10-08,0,0
"impulse_pna_glass_500_620ml_1pack","dummy_month_sep","seasonality",2021-02-21,0,0
"impulse_pna_glass_500_620ml_1pack","dummy_month_sep","seasonality",2022-11-13,0,0
"impulse_pna_glass_500_620ml_1pack","dummy_month_sep","seasonality",2021-08-29,6239.89467824163,6239.89467824163
"impulse_pna_glass_500_620ml_1pack","dummy_month_sep","seasonality",2021-02-14,0,0
"impulse_pna_glass_500_620ml_1pack","dummy_month_sep","seasonality",2022-10-09,0,0
"impulse_pna_glass_500_620ml_1pack","dummy_month_sep","seasonality",2022-01-30,0,0
"impulse_pna_glass_500_620ml_1pack","dummy_month_sep","seasonality",2021-01-10,0,0
"impulse_pna_glass_500_620ml_1pack","dummy_month_sep","seasonality",2023-09-17,10919.8156951127,10919.8156951127
"impulse_pna_glass_500_620ml_1pack","dummy_month_sep","seasonality",2022-06-26,0,0
"impulse_pna_glass_500_620ml_1pack","dummy_month_sep","seasonality",2022-11-27,0,0
"impulse_pna_glass_500_620ml_1pack","dummy_month_sep","seasonality",2021-09-12,10919.8156951127,10919.8156951127
"impulse_pna_glass_500_620ml_1pack","dummy_month_sep","seasonality",2023-11-12,0,0
"impulse_pna_glass_500_620ml_1pack","dummy_month_sep","seasonality",2022-10-23,0,0
"impulse_pna_glass_500_620ml_1pack","dummy_month_sep","seasonality",2022-02-13,0,0
"impulse_pna_glass_500_620ml_1pack","dummy_month_sep","seasonality",2023-11-05,0,0
"impulse_pna_glass_500_620ml_1pack","dummy_month_sep","seasonality",2023-10-01,0,0
"impulse_pna_glass_500_620ml_1pack","dummy_month_sep","seasonality",2022-02-06,0,0
"impulse_pna_glass_500_620ml_1pack","dummy_month_sep","seasonality",2022-12-11,0,0
"impulse_pna_glass_500_620ml_1pack","dummy_month_sep","seasonality",2021-08-22,0,0
"impulse_pna_glass_500_620ml_1pack","dummy_month_sep","seasonality",2021-03-14,0,0
"impulse_pna_glass_500_620ml_1pack","dummy_month_sep","seasonality",2023-04-09,0,0
"impulse_pna_glass_500_620ml_1pack","dummy_month_sep","seasonality",2021-09-19,10919.8156951127,10919.8156951127
"impulse_pna_glass_500_620ml_1pack","dummy_month_sep","seasonality",2023-11-19,0,0
"impulse_pna_glass_500_620ml_1pack","dummy_month_sep","seasonality",2023-10-15,0,0
"impulse_pna_glass_500_620ml_1pack","dummy_month_sep","seasonality",2021-02-28,0,0
"impulse_pna_glass_500_620ml_1pack","dummy_month_sep","seasonality",2022-12-25,0,0
"impulse_pna_glass_500_620ml_1pack","dummy_month_sep","seasonality",2021-09-05,10919.8156951127,10919.8156951127
"impulse_pna_glass_500_620ml_1pack","dummy_month_sep","seasonality",2021-03-28,0,0
"impulse_pna_glass_500_620ml_1pack","dummy_month_sep","seasonality",2023-04-23,0,0
"impulse_pna_glass_500_620ml_1pack","dummy_month_sep","seasonality",2022-03-06,0,0
"impulse_pna_glass_500_620ml_1pack","dummy_month_sep","seasonality",2021-03-21,0,0
"impulse_pna_glass_500_620ml_1pack","dummy_month_sep","seasonality",2023-04-16,0,0
"impulse_pna_glass_500_620ml_1pack","dummy_month_sep","seasonality",2021-09-26,7799.86835053199,7799.86835053199
"impulse_pna_glass_500_620ml_1pack","dummy_month_sep","seasonality",2021-12-26,0,0
"impulse_pna_glass_500_620ml_1pack","dummy_month_sep","seasonality",2021-04-11,0,0
"impulse_pna_glass_500_620ml_1pack","dummy_month_sep","seasonality",2023-12-17,0,0
"impulse_pna_glass_500_620ml_1pack","dummy_month_sep","seasonality",2023-05-07,0,0
"impulse_pna_glass_500_620ml_1pack","dummy_month_sep","seasonality",2022-02-20,0,0
"impulse_pna_glass_500_620ml_1pack","dummy_month_sep","seasonality",2021-04-04,0,0
"impulse_pna_glass_500_620ml_1pack","dummy_month_sep","seasonality",2023-04-30,0,0
"impulse_pna_glass_500_620ml_1pack","dummy_month_sep","seasonality",2022-03-13,0,0
"impulse_pna_glass_500_620ml_1pack","dummy_month_sep","seasonality",2022-12-18,0,0
"impulse_pna_glass_500_620ml_1pack","dummy_month_sep","seasonality",2021-04-25,0,0
"impulse_pna_glass_500_620ml_1pack","dummy_month_sep","seasonality",2021-10-03,0,0
"impulse_pna_glass_500_620ml_1pack","dummy_month_sep","seasonality",2022-01-02,0,0
"impulse_pna_glass_500_620ml_1pack","dummy_month_sep","seasonality",2021-04-18,0,0
"impulse_pna_glass_500_620ml_1pack","dummy_month_sep","seasonality",2023-11-26,0,0
"impulse_pna_glass_500_620ml_1pack","dummy_month_sep","seasonality",2023-10-22,0,0
"impulse_pna_glass_500_620ml_1pack","dummy_month_sep","seasonality",2022-02-27,0,0
"impulse_pna_glass_500_620ml_1pack","dummy_month_sep","seasonality",2023-01-01,0,0
"impulse_pna_glass_500_620ml_1pack","dummy_month_sep","seasonality",2022-03-20,0,0
"impulse_pna_glass_500_620ml_1pack","dummy_month_sep","seasonality",2021-10-17,0,0
"impulse_pna_glass_500_620ml_1pack","dummy_month_sep","seasonality",2022-01-16,0,0
"impulse_pna_glass_500_620ml_1pack","dummy_month_sep","seasonality",2021-05-02,0,0
"impulse_pna_glass_500_620ml_1pack","dummy_month_sep","seasonality",2023-12-03,0,0
"impulse_pna_glass_500_620ml_1pack","dummy_month_sep","seasonality",2023-05-28,0,0
"impulse_pna_glass_500_620ml_1pack","dummy_month_sep","seasonality",2021-12-05,0,0
"impulse_pna_glass_500_620ml_1pack","dummy_month_sep","seasonality",2022-06-12,0,0
"impulse_pna_glass_500_620ml_1pack","dummy_month_sep","seasonality",2023-05-21,0,0
"impulse_pna_glass_500_620ml_1pack","dummy_month_sep","seasonality",2023-12-24,0,0
"impulse_pna_glass_500_620ml_1pack","dummy_month_sep","seasonality",2023-05-14,0,0
"impulse_pna_glass_500_620ml_1pack","dummy_month_sep","seasonality",2022-03-27,0,0
"impulse_pna_glass_500_620ml_1pack","dummy_month_sep","seasonality",2023-07-16,0,0
"impulse_pna_glass_500_620ml_1pack","dummy_month_sep","seasonality",2023-06-11,0,0
"impulse_pna_glass_500_620ml_1pack","dummy_month_sep","seasonality",2021-05-09,0,0
"impulse_pna_glass_500_620ml_1pack","dummy_month_sep","seasonality",2023-12-10,0,0
"impulse_pna_glass_500_620ml_1pack","dummy_month_sep","seasonality",2023-06-04,0,0
"impulse_pna_glass_500_620ml_1pack","dummy_month_sep","seasonality",2021-10-10,0,0
"impulse_pna_glass_500_620ml_1pack","dummy_month_sep","seasonality",2022-01-09,0,0
"impulse_pna_glass_500_620ml_1pack","dummy_month_sep","seasonality",2022-05-15,0,0
"impulse_pna_glass_500_620ml_1pack","dummy_month_sep","seasonality",2022-04-10,0,0
"impulse_pna_glass_500_620ml_1pack","dummy_month_sep","seasonality",2023-07-30,0,0
"impulse_pna_glass_500_620ml_1pack","dummy_month_sep","seasonality",2022-04-03,0,0
"impulse_pna_glass_500_620ml_1pack","dummy_month_sep","seasonality",2023-07-23,0,0
"impulse_pna_glass_500_620ml_1pack","dummy_month_sep","seasonality",2021-11-21,0,0
"impulse_pna_glass_500_620ml_1pack","dummy_month_sep","seasonality",2021-10-24,0,0
"impulse_pna_glass_500_620ml_1pack","dummy_month_sep","seasonality",2022-01-23,0,0
"impulse_pna_glass_500_620ml_1pack","dummy_month_sep","seasonality",2022-05-29,0,0
"impulse_pna_glass_500_620ml_1pack","dummy_month_sep","seasonality",2022-04-24,0,0
"impulse_pna_glass_500_620ml_1pack","dummy_month_sep","seasonality",2023-08-13,0,0
"impulse_pna_glass_500_620ml_1pack","dummy_month_sep","seasonality",2021-12-12,0,0
"impulse_pna_glass_500_620ml_1pack","dummy_month_sep","seasonality",2023-08-06,0,0
"impulse_pna_glass_500_620ml_1pack","dummy_month_sep","seasonality",2021-11-14,0,0
"impulse_pna_glass_500_620ml_1pack","dummy_month_sep","seasonality",2023-07-02,0,0
"impulse_pna_glass_500_620ml_1pack","dummy_month_sep","seasonality",2021-11-07,0,0
"impulse_pna_glass_500_620ml_1pack","dummy_month_sep","seasonality",2021-11-28,0,0
"impulse_pna_glass_500_620ml_1pack","dummy_month_sep","seasonality",2021-10-31,0,0
"impulse_pna_glass_500_620ml_1pack","dummy_month_sep","seasonality",2023-06-18,0,0
"impulse_pna_glass_500_620ml_1pack","dummy_month_sep","seasonality",2022-06-05,0,0
"impulse_pna_glass_500_620ml_1pack","dummy_month_sep","seasonality",2022-05-01,0,0
"impulse_pna_glass_500_620ml_1pack","dummy_month_sep","seasonality",2022-04-17,0,0
"impulse_pna_glass_500_620ml_1pack","dummy_month_sep","seasonality",2021-12-19,0,0
"impulse_pna_glass_500_620ml_1pack","dummy_month_sep","seasonality",2022-05-08,0,0
"impulse_pna_glass_500_620ml_1pack","dummy_month_sep","seasonality",2022-05-22,0,0
"impulse_pna_glass_500_620ml_1pack","dummy_month_sep","seasonality",2023-06-25,0,0
"impulse_pna_glass_500_620ml_1pack","dummy_month_sep","seasonality",2023-07-09,0,0
"impulse_pna_glass_500_620ml_1pack","intercept","sub_base",2021-05-30,298451.928767326,298451.928767326
"impulse_pna_glass_500_620ml_1pack","intercept","sub_base",2021-05-16,298451.928767326,298451.928767326
"impulse_pna_glass_500_620ml_1pack","intercept","sub_base",2021-08-08,298451.928767326,298451.928767326
"impulse_pna_glass_500_620ml_1pack","intercept","sub_base",2021-07-25,298451.928767326,298451.928767326
"impulse_pna_glass_500_620ml_1pack","intercept","sub_base",2021-06-20,298451.928767326,298451.928767326
"impulse_pna_glass_500_620ml_1pack","intercept","sub_base",2021-08-15,298451.928767326,298451.928767326
"impulse_pna_glass_500_620ml_1pack","intercept","sub_base",2021-07-11,298451.928767326,298451.928767326
"impulse_pna_glass_500_620ml_1pack","intercept","sub_base",2023-02-12,298451.928767326,298451.928767326
"impulse_pna_glass_500_620ml_1pack","intercept","sub_base",2021-07-04,298451.928767326,298451.928767326
"impulse_pna_glass_500_620ml_1pack","intercept","sub_base",2021-01-31,298451.928767326,298451.928767326
"impulse_pna_glass_500_620ml_1pack","intercept","sub_base",2021-08-01,298451.928767326,298451.928767326
"impulse_pna_glass_500_620ml_1pack","intercept","sub_base",2021-06-06,298451.928767326,298451.928767326
"impulse_pna_glass_500_620ml_1pack","intercept","sub_base",2021-05-23,298451.928767326,298451.928767326
"impulse_pna_glass_500_620ml_1pack","intercept","sub_base",2021-08-29,298451.928767326,298451.928767326
"impulse_pna_glass_500_620ml_1pack","intercept","sub_base",2023-04-23,298451.928767326,298451.928767326
"impulse_pna_glass_500_620ml_1pack","intercept","sub_base",2023-03-19,298451.928767326,298451.928767326
"impulse_pna_glass_500_620ml_1pack","intercept","sub_base",2021-08-22,298451.928767326,298451.928767326
"impulse_pna_glass_500_620ml_1pack","intercept","sub_base",2021-07-18,298451.928767326,298451.928767326
"impulse_pna_glass_500_620ml_1pack","intercept","sub_base",2021-06-13,298451.928767326,298451.928767326
"impulse_pna_glass_500_620ml_1pack","intercept","sub_base",2022-11-06,298451.928767326,298451.928767326
"impulse_pna_glass_500_620ml_1pack","intercept","sub_base",2021-02-07,298451.928767326,298451.928767326
"impulse_pna_glass_500_620ml_1pack","intercept","sub_base",2022-10-30,298451.928767326,298451.928767326
"impulse_pna_glass_500_620ml_1pack","intercept","sub_base",2022-08-28,298451.928767326,298451.928767326
"impulse_pna_glass_500_620ml_1pack","intercept","sub_base",2022-09-25,298451.928767326,298451.928767326
"impulse_pna_glass_500_620ml_1pack","intercept","sub_base",2021-06-27,298451.928767326,298451.928767326
"impulse_pna_glass_500_620ml_1pack","intercept","sub_base",2023-04-30,298451.928767326,298451.928767326
"impulse_pna_glass_500_620ml_1pack","intercept","sub_base",2023-03-26,298451.928767326,298451.928767326
"impulse_pna_glass_500_620ml_1pack","intercept","sub_base",2023-02-19,298451.928767326,298451.928767326
"impulse_pna_glass_500_620ml_1pack","intercept","sub_base",2021-02-21,298451.928767326,298451.928767326
"impulse_pna_glass_500_620ml_1pack","intercept","sub_base",2022-10-16,298451.928767326,298451.928767326
"impulse_pna_glass_500_620ml_1pack","intercept","sub_base",2022-09-11,298451.928767326,298451.928767326
"impulse_pna_glass_500_620ml_1pack","intercept","sub_base",2021-01-17,298451.928767326,298451.928767326
"impulse_pna_glass_500_620ml_1pack","intercept","sub_base",2022-08-07,298451.928767326,298451.928767326
"impulse_pna_glass_500_620ml_1pack","intercept","sub_base",2022-09-04,298451.928767326,298451.928767326
"impulse_pna_glass_500_620ml_1pack","intercept","sub_base",2022-10-02,298451.928767326,298451.928767326
"impulse_pna_glass_500_620ml_1pack","intercept","sub_base",2021-09-12,298451.928767326,298451.928767326
"impulse_pna_glass_500_620ml_1pack","intercept","sub_base",2023-05-07,298451.928767326,298451.928767326
"impulse_pna_glass_500_620ml_1pack","intercept","sub_base",2021-09-05,298451.928767326,298451.928767326
"impulse_pna_glass_500_620ml_1pack","intercept","sub_base",2023-02-26,298451.928767326,298451.928767326
"impulse_pna_glass_500_620ml_1pack","intercept","sub_base",2022-08-21,298451.928767326,298451.928767326
"impulse_pna_glass_500_620ml_1pack","intercept","sub_base",2022-11-20,298451.928767326,298451.928767326
"impulse_pna_glass_500_620ml_1pack","intercept","sub_base",2022-09-18,298451.928767326,298451.928767326
"impulse_pna_glass_500_620ml_1pack","intercept","sub_base",2021-01-24,298451.928767326,298451.928767326
"impulse_pna_glass_500_620ml_1pack","intercept","sub_base",2022-11-13,298451.928767326,298451.928767326
"impulse_pna_glass_500_620ml_1pack","intercept","sub_base",2021-02-14,298451.928767326,298451.928767326
"impulse_pna_glass_500_620ml_1pack","intercept","sub_base",2022-10-09,298451.928767326,298451.928767326
"impulse_pna_glass_500_620ml_1pack","intercept","sub_base",2021-09-19,298451.928767326,298451.928767326
"impulse_pna_glass_500_620ml_1pack","intercept","sub_base",2023-05-14,298451.928767326,298451.928767326
"impulse_pna_glass_500_620ml_1pack","intercept","sub_base",2023-04-09,298451.928767326,298451.928767326
"impulse_pna_glass_500_620ml_1pack","intercept","sub_base",2023-03-05,298451.928767326,298451.928767326
"impulse_pna_glass_500_620ml_1pack","intercept","sub_base",2023-04-02,298451.928767326,298451.928767326
"impulse_pna_glass_500_620ml_1pack","intercept","sub_base",2022-11-27,298451.928767326,298451.928767326
"impulse_pna_glass_500_620ml_1pack","intercept","sub_base",2021-02-28,298451.928767326,298451.928767326
"impulse_pna_glass_500_620ml_1pack","intercept","sub_base",2022-10-23,298451.928767326,298451.928767326
"impulse_pna_glass_500_620ml_1pack","intercept","sub_base",2021-10-03,298451.928767326,298451.928767326
"impulse_pna_glass_500_620ml_1pack","intercept","sub_base",2023-05-28,298451.928767326,298451.928767326
"impulse_pna_glass_500_620ml_1pack","intercept","sub_base",2022-08-14,298451.928767326,298451.928767326
"impulse_pna_glass_500_620ml_1pack","intercept","sub_base",2022-04-10,298451.928767326,298451.928767326
"impulse_pna_glass_500_620ml_1pack","intercept","sub_base",2022-03-06,298451.928767326,298451.928767326
"impulse_pna_glass_500_620ml_1pack","intercept","sub_base",2023-09-24,298451.928767326,298451.928767326
"impulse_pna_glass_500_620ml_1pack","intercept","sub_base",2023-01-08,298451.928767326,298451.928767326
"impulse_pna_glass_500_620ml_1pack","intercept","sub_base",2022-12-04,298451.928767326,298451.928767326
"impulse_pna_glass_500_620ml_1pack","intercept","sub_base",2021-04-11,298451.928767326,298451.928767326
"impulse_pna_glass_500_620ml_1pack","intercept","sub_base",2021-01-03,298451.928767326,298451.928767326
"impulse_pna_glass_500_620ml_1pack","intercept","sub_base",2022-07-24,298451.928767326,298451.928767326
"impulse_pna_glass_500_620ml_1pack","intercept","sub_base",2022-04-24,298451.928767326,298451.928767326
"impulse_pna_glass_500_620ml_1pack","intercept","sub_base",2022-03-20,298451.928767326,298451.928767326
"impulse_pna_glass_500_620ml_1pack","intercept","sub_base",2023-10-08,298451.928767326,298451.928767326
"impulse_pna_glass_500_620ml_1pack","intercept","sub_base",2023-01-22,298451.928767326,298451.928767326
"impulse_pna_glass_500_620ml_1pack","intercept","sub_base",2023-12-03,298451.928767326,298451.928767326
"impulse_pna_glass_500_620ml_1pack","intercept","sub_base",2021-09-26,298451.928767326,298451.928767326
"impulse_pna_glass_500_620ml_1pack","intercept","sub_base",2023-05-21,298451.928767326,298451.928767326
"impulse_pna_glass_500_620ml_1pack","intercept","sub_base",2023-04-16,298451.928767326,298451.928767326
"impulse_pna_glass_500_620ml_1pack","intercept","sub_base",2023-03-12,298451.928767326,298451.928767326
"impulse_pna_glass_500_620ml_1pack","intercept","sub_base",2021-01-10,298451.928767326,298451.928767326
"impulse_pna_glass_500_620ml_1pack","intercept","sub_base",2022-07-31,298451.928767326,298451.928767326
"impulse_pna_glass_500_620ml_1pack","intercept","sub_base",2021-03-07,298451.928767326,298451.928767326
"impulse_pna_glass_500_620ml_1pack","intercept","sub_base",2023-12-17,298451.928767326,298451.928767326
"impulse_pna_glass_500_620ml_1pack","intercept","sub_base",2021-10-10,298451.928767326,298451.928767326
"impulse_pna_glass_500_620ml_1pack","intercept","sub_base",2023-06-04,298451.928767326,298451.928767326
"impulse_pna_glass_500_620ml_1pack","intercept","sub_base",2023-12-10,298451.928767326,298451.928767326
"impulse_pna_glass_500_620ml_1pack","intercept","sub_base",2022-04-17,298451.928767326,298451.928767326
"impulse_pna_glass_500_620ml_1pack","intercept","sub_base",2022-03-13,298451.928767326,298451.928767326
"impulse_pna_glass_500_620ml_1pack","intercept","sub_base",2023-10-01,298451.928767326,298451.928767326
"impulse_pna_glass_500_620ml_1pack","intercept","sub_base",2023-01-15,298451.928767326,298451.928767326
"impulse_pna_glass_500_620ml_1pack","intercept","sub_base",2022-12-11,298451.928767326,298451.928767326
"impulse_pna_glass_500_620ml_1pack","intercept","sub_base",2021-04-18,298451.928767326,298451.928767326
"impulse_pna_glass_500_620ml_1pack","intercept","sub_base",2021-03-14,298451.928767326,298451.928767326
"impulse_pna_glass_500_620ml_1pack","intercept","sub_base",2023-12-24,298451.928767326,298451.928767326
"impulse_pna_glass_500_620ml_1pack","intercept","sub_base",2022-05-01,298451.928767326,298451.928767326
"impulse_pna_glass_500_620ml_1pack","intercept","sub_base",2022-03-27,298451.928767326,298451.928767326
"impulse_pna_glass_500_620ml_1pack","intercept","sub_base",2023-10-15,298451.928767326,298451.928767326
"impulse_pna_glass_500_620ml_1pack","intercept","sub_base",2023-01-29,298451.928767326,298451.928767326
"impulse_pna_glass_500_620ml_1pack","intercept","sub_base",2022-12-25,298451.928767326,298451.928767326
"impulse_pna_glass_500_620ml_1pack","intercept","sub_base",2021-05-02,298451.928767326,298451.928767326
"impulse_pna_glass_500_620ml_1pack","intercept","sub_base",2021-03-28,298451.928767326,298451.928767326
"impulse_pna_glass_500_620ml_1pack","intercept","sub_base",2022-12-18,298451.928767326,298451.928767326
"impulse_pna_glass_500_620ml_1pack","intercept","sub_base",2022-05-15,298451.928767326,298451.928767326
"impulse_pna_glass_500_620ml_1pack","intercept","sub_base",2021-03-21,298451.928767326,298451.928767326
"impulse_pna_glass_500_620ml_1pack","intercept","sub_base",2023-10-29,298451.928767326,298451.928767326
"impulse_pna_glass_500_620ml_1pack","intercept","sub_base",2023-08-20,298451.928767326,298451.928767326
"impulse_pna_glass_500_620ml_1pack","intercept","sub_base",2021-12-26,298451.928767326,298451.928767326
"impulse_pna_glass_500_620ml_1pack","intercept","sub_base",2021-10-17,298451.928767326,298451.928767326
"impulse_pna_glass_500_620ml_1pack","intercept","sub_base",2023-06-11,298451.928767326,298451.928767326
"impulse_pna_glass_500_620ml_1pack","intercept","sub_base",2023-01-01,298451.928767326,298451.928767326
"impulse_pna_glass_500_620ml_1pack","intercept","sub_base",2022-05-29,298451.928767326,298451.928767326
"impulse_pna_glass_500_620ml_1pack","intercept","sub_base",2021-04-04,298451.928767326,298451.928767326
"impulse_pna_glass_500_620ml_1pack","intercept","sub_base",2023-11-12,298451.928767326,298451.928767326
"impulse_pna_glass_500_620ml_1pack","intercept","sub_base",2022-07-17,298451.928767326,298451.928767326
"impulse_pna_glass_500_620ml_1pack","intercept","sub_base",2023-07-02,298451.928767326,298451.928767326
"impulse_pna_glass_500_620ml_1pack","intercept","sub_base",2021-04-25,298451.928767326,298451.928767326
"impulse_pna_glass_500_620ml_1pack","intercept","sub_base",2023-08-27,298451.928767326,298451.928767326
"impulse_pna_glass_500_620ml_1pack","intercept","sub_base",2022-06-12,298451.928767326,298451.928767326
"impulse_pna_glass_500_620ml_1pack","intercept","sub_base",2022-05-08,298451.928767326,298451.928767326
"impulse_pna_glass_500_620ml_1pack","intercept","sub_base",2022-04-03,298451.928767326,298451.928767326
"impulse_pna_glass_500_620ml_1pack","intercept","sub_base",2023-10-22,298451.928767326,298451.928767326
"impulse_pna_glass_500_620ml_1pack","intercept","sub_base",2023-02-05,298451.928767326,298451.928767326
"impulse_pna_glass_500_620ml_1pack","intercept","sub_base",2023-07-16,298451.928767326,298451.928767326
"impulse_pna_glass_500_620ml_1pack","intercept","sub_base",2021-05-09,298451.928767326,298451.928767326
"impulse_pna_glass_500_620ml_1pack","intercept","sub_base",2023-09-10,298451.928767326,298451.928767326
"impulse_pna_glass_500_620ml_1pack","intercept","sub_base",2022-01-16,298451.928767326,298451.928767326
"impulse_pna_glass_500_620ml_1pack","intercept","sub_base",2022-05-22,298451.928767326,298451.928767326
"impulse_pna_glass_500_620ml_1pack","intercept","sub_base",2023-09-03,298451.928767326,298451.928767326
"impulse_pna_glass_500_620ml_1pack","intercept","sub_base",2023-11-05,298451.928767326,298451.928767326
"impulse_pna_glass_500_620ml_1pack","intercept","sub_base",2021-10-31,298451.928767326,298451.928767326
"impulse_pna_glass_500_620ml_1pack","intercept","sub_base",2022-01-02,298451.928767326,298451.928767326
"impulse_pna_glass_500_620ml_1pack","intercept","sub_base",2021-10-24,298451.928767326,298451.928767326
"impulse_pna_glass_500_620ml_1pack","intercept","sub_base",2023-06-18,298451.928767326,298451.928767326
"impulse_pna_glass_500_620ml_1pack","intercept","sub_base",2022-01-30,298451.928767326,298451.928767326
"impulse_pna_glass_500_620ml_1pack","intercept","sub_base",2022-06-05,298451.928767326,298451.928767326
"impulse_pna_glass_500_620ml_1pack","intercept","sub_base",2023-09-17,298451.928767326,298451.928767326
"impulse_pna_glass_500_620ml_1pack","intercept","sub_base",2023-11-19,298451.928767326,298451.928767326
"impulse_pna_glass_500_620ml_1pack","intercept","sub_base",2021-11-14,298451.928767326,298451.928767326
"impulse_pna_glass_500_620ml_1pack","intercept","sub_base",2023-07-09,298451.928767326,298451.928767326
"impulse_pna_glass_500_620ml_1pack","intercept","sub_base",2021-11-07,298451.928767326,298451.928767326
"impulse_pna_glass_500_620ml_1pack","intercept","sub_base",2022-06-19,298451.928767326,298451.928767326
"impulse_pna_glass_500_620ml_1pack","intercept","sub_base",2022-01-09,298451.928767326,298451.928767326
"impulse_pna_glass_500_620ml_1pack","intercept","sub_base",2022-02-13,298451.928767326,298451.928767326
"impulse_pna_glass_500_620ml_1pack","intercept","sub_base",2023-06-25,298451.928767326,298451.928767326
"impulse_pna_glass_500_620ml_1pack","intercept","sub_base",2022-02-06,298451.928767326,298451.928767326
"impulse_pna_glass_500_620ml_1pack","intercept","sub_base",2021-11-28,298451.928767326,298451.928767326
"impulse_pna_glass_500_620ml_1pack","intercept","sub_base",2023-07-23,298451.928767326,298451.928767326
"impulse_pna_glass_500_620ml_1pack","intercept","sub_base",2021-11-21,298451.928767326,298451.928767326
"impulse_pna_glass_500_620ml_1pack","intercept","sub_base",2022-07-03,298451.928767326,298451.928767326
"impulse_pna_glass_500_620ml_1pack","intercept","sub_base",2022-01-23,298451.928767326,298451.928767326
"impulse_pna_glass_500_620ml_1pack","intercept","sub_base",2022-02-27,298451.928767326,298451.928767326
"impulse_pna_glass_500_620ml_1pack","intercept","sub_base",2022-06-26,298451.928767326,298451.928767326
"impulse_pna_glass_500_620ml_1pack","intercept","sub_base",2022-02-20,298451.928767326,298451.928767326
"impulse_pna_glass_500_620ml_1pack","intercept","sub_base",2023-07-30,298451.928767326,298451.928767326
"impulse_pna_glass_500_620ml_1pack","intercept","sub_base",2023-08-06,298451.928767326,298451.928767326
"impulse_pna_glass_500_620ml_1pack","intercept","sub_base",2022-07-10,298451.928767326,298451.928767326
"impulse_pna_glass_500_620ml_1pack","intercept","sub_base",2021-12-05,298451.928767326,298451.928767326
"impulse_pna_glass_500_620ml_1pack","intercept","sub_base",2023-08-13,298451.928767326,298451.928767326
"impulse_pna_glass_500_620ml_1pack","intercept","sub_base",2021-12-19,298451.928767326,298451.928767326
"impulse_pna_glass_500_620ml_1pack","intercept","sub_base",2021-12-12,298451.928767326,298451.928767326
"impulse_pna_glass_500_620ml_1pack","intercept","sub_base",2023-11-26,298451.928767326,298451.928767326
"impulse_pna_glass_500_620ml_1pack","m_ooh_peroni_total_imp_adstock30","ooh_peroni",2023-02-26,0.00201384311974162,0
"impulse_pna_glass_500_620ml_1pack","m_ooh_peroni_total_imp_adstock30","ooh_peroni",2023-02-19,0.00671281690636747,0
"impulse_pna_glass_500_620ml_1pack","m_ooh_peroni_total_imp_adstock30","ooh_peroni",2023-05-28,5701.23280232204,8108.17339784717
"impulse_pna_glass_500_620ml_1pack","m_ooh_peroni_total_imp_adstock30","ooh_peroni",2023-02-12,0.0223760514740624,0
"impulse_pna_glass_500_620ml_1pack","m_ooh_peroni_total_imp_adstock30","ooh_peroni",2023-03-05,0.000604152447880198,0
"impulse_pna_glass_500_620ml_1pack","m_ooh_peroni_total_imp_adstock30","ooh_peroni",2021-07-25,3.39272985406442,0
"impulse_pna_glass_500_620ml_1pack","m_ooh_peroni_total_imp_adstock30","ooh_peroni",2023-03-12,0.000181244270237149,0
"impulse_pna_glass_500_620ml_1pack","m_ooh_peroni_total_imp_adstock30","ooh_peroni",2022-08-28,0.000124284852999953,0
"impulse_pna_glass_500_620ml_1pack","m_ooh_peroni_total_imp_adstock30","ooh_peroni",2023-06-11,3765.44514865756,1653.7112179533
"impulse_pna_glass_500_620ml_1pack","m_ooh_peroni_total_imp_adstock30","ooh_peroni",2022-01-16,1.34309241913088e-05,0
"impulse_pna_glass_500_620ml_1pack","m_ooh_peroni_total_imp_adstock30","ooh_peroni",2021-12-12,0.0055270839671432,0
"impulse_pna_glass_500_620ml_1pack","m_ooh_peroni_total_imp_adstock30","ooh_peroni",2022-09-25,1.00536714513431e-06,0
"impulse_pna_glass_500_620ml_1pack","m_ooh_peroni_total_imp_adstock30","ooh_peroni",2022-08-21,0.000414289350563888,0
"impulse_pna_glass_500_620ml_1pack","m_ooh_peroni_total_imp_adstock30","ooh_peroni",2022-09-18,3.3577310478272e-06,0
"impulse_pna_glass_500_620ml_1pack","m_ooh_peroni_total_imp_adstock30","ooh_peroni",2021-08-01,1.01781903429491,0
"impulse_pna_glass_500_620ml_1pack","m_ooh_peroni_total_imp_adstock30","ooh_peroni",2022-09-11,1.11859295953778e-05,0
"impulse_pna_glass_500_620ml_1pack","m_ooh_peroni_total_imp_adstock30","ooh_peroni",2021-05-23,0,0
"impulse_pna_glass_500_620ml_1pack","m_ooh_peroni_total_imp_adstock30","ooh_peroni",2022-09-04,3.72864319845928e-05,0
"impulse_pna_glass_500_620ml_1pack","m_ooh_peroni_total_imp_adstock30","ooh_peroni",2021-05-16,0,0
"impulse_pna_glass_500_620ml_1pack","m_ooh_peroni_total_imp_adstock30","ooh_peroni",2022-02-27,9.76084606926512e-09,0
"impulse_pna_glass_500_620ml_1pack","m_ooh_peroni_total_imp_adstock30","ooh_peroni",2022-01-23,4.03122942660649e-06,0
"impulse_pna_glass_500_620ml_1pack","m_ooh_peroni_total_imp_adstock30","ooh_peroni",2022-02-20,3.41629612424279e-08,0
"impulse_pna_glass_500_620ml_1pack","m_ooh_peroni_total_imp_adstock30","ooh_peroni",2022-10-02,3.02586228147219e-07,0
"impulse_pna_glass_500_620ml_1pack","m_ooh_peroni_total_imp_adstock30","ooh_peroni",2023-06-04,6571.67707923909,8021.3321453851
"impulse_pna_glass_500_620ml_1pack","m_ooh_peroni_total_imp_adstock30","ooh_peroni",2022-07-24,0.051146706510995,0
"impulse_pna_glass_500_620ml_1pack","m_ooh_peroni_total_imp_adstock30","ooh_peroni",2023-07-02,226.729556605154,0
"impulse_pna_glass_500_620ml_1pack","m_ooh_peroni_total_imp_adstock30","ooh_peroni",2022-07-17,0.170489028178349,0
"impulse_pna_glass_500_620ml_1pack","m_ooh_peroni_total_imp_adstock30","ooh_peroni",2021-10-03,360.979466565155,304.355996894317
"impulse_pna_glass_500_620ml_1pack","m_ooh_peroni_total_imp_adstock30","ooh_peroni",2021-06-27,418.332064471844,597.827038064995
"impulse_pna_glass_500_620ml_1pack","m_ooh_peroni_total_imp_adstock30","ooh_peroni",2023-03-19,5.43727930288414e-05,0
"impulse_pna_glass_500_620ml_1pack","m_ooh_peroni_total_imp_adstock30","ooh_peroni",2021-06-20,0,0
"impulse_pna_glass_500_620ml_1pack","m_ooh_peroni_total_imp_adstock30","ooh_peroni",2023-06-18,2414.36740869434,1745.51525671977
"impulse_pna_glass_500_620ml_1pack","m_ooh_peroni_total_imp_adstock30","ooh_peroni",2021-12-26,0.000497437117804923,0
"impulse_pna_glass_500_620ml_1pack","m_ooh_peroni_total_imp_adstock30","ooh_peroni",2023-07-16,1381.10187383158,1500.92608207948
"impulse_pna_glass_500_620ml_1pack","m_ooh_peroni_total_imp_adstock30","ooh_peroni",2021-12-19,0.00165812372601638,0
"impulse_pna_glass_500_620ml_1pack","m_ooh_peroni_total_imp_adstock30","ooh_peroni",2021-04-11,0,0
"impulse_pna_glass_500_620ml_1pack","m_ooh_peroni_total_imp_adstock30","ooh_peroni",2021-01-03,0,0
"impulse_pna_glass_500_620ml_1pack","m_ooh_peroni_total_imp_adstock30","ooh_peroni",2023-04-02,4.89506430373646e-06,0
"impulse_pna_glass_500_620ml_1pack","m_ooh_peroni_total_imp_adstock30","ooh_peroni",2021-08-08,0.305345711855763,0
"impulse_pna_glass_500_620ml_1pack","m_ooh_peroni_total_imp_adstock30","ooh_peroni",2021-11-07,2.27451982188332,0
"impulse_pna_glass_500_620ml_1pack","m_ooh_peroni_total_imp_adstock30","ooh_peroni",2021-05-30,0,0
"impulse_pna_glass_500_620ml_1pack","m_ooh_peroni_total_imp_adstock30","ooh_peroni",2023-07-30,126.005899095526,0
"impulse_pna_glass_500_620ml_1pack","m_ooh_peroni_total_imp_adstock30","ooh_peroni",2023-06-25,752.979535370781,0
"impulse_pna_glass_500_620ml_1pack","m_ooh_peroni_total_imp_adstock30","ooh_peroni",2022-03-06,4.88042303463256e-09,0
"impulse_pna_glass_500_620ml_1pack","m_ooh_peroni_total_imp_adstock30","ooh_peroni",2022-01-30,1.21034491258887e-06,0
"impulse_pna_glass_500_620ml_1pack","m_ooh_peroni_total_imp_adstock30","ooh_peroni",2023-04-16,4.3923807311693e-07,0
"impulse_pna_glass_500_620ml_1pack","m_ooh_peroni_total_imp_adstock30","ooh_peroni",2022-10-09,9.27280376580186e-08,0
"impulse_pna_glass_500_620ml_1pack","m_ooh_peroni_total_imp_adstock30","ooh_peroni",2021-11-21,0.204706791665166,0
"impulse_pna_glass_500_620ml_1pack","m_ooh_peroni_total_imp_adstock30","ooh_peroni",2022-07-31,0.0153440109774747,0
"impulse_pna_glass_500_620ml_1pack","m_ooh_peroni_total_imp_adstock30","ooh_peroni",2023-07-09,1119.31533715245,1502.15910682205
"impulse_pna_glass_500_620ml_1pack","m_ooh_peroni_total_imp_adstock30","ooh_peroni",2021-11-14,0.682355968526068,0
"impulse_pna_glass_500_620ml_1pack","m_ooh_peroni_total_imp_adstock30","ooh_peroni",2021-10-10,280.646990052751,246.200645286917
"impulse_pna_glass_500_620ml_1pack","m_ooh_peroni_total_imp_adstock30","ooh_peroni",2021-07-04,125.642507903624,0
"impulse_pna_glass_500_620ml_1pack","m_ooh_peroni_total_imp_adstock30","ooh_peroni",2023-03-26,1.6310373781742e-05,0
"impulse_pna_glass_500_620ml_1pack","m_ooh_peroni_total_imp_adstock30","ooh_peroni",2022-03-13,0,0
"impulse_pna_glass_500_620ml_1pack","m_ooh_peroni_total_imp_adstock30","ooh_peroni",2022-02-06,3.61151304562809e-07,0
"impulse_pna_glass_500_620ml_1pack","m_ooh_peroni_total_imp_adstock30","ooh_peroni",2022-01-02,0.000149233575552994,0
"impulse_pna_glass_500_620ml_1pack","m_ooh_peroni_total_imp_adstock30","ooh_peroni",2023-07-23,419.539229598927,0
"impulse_pna_glass_500_620ml_1pack","m_ooh_peroni_total_imp_adstock30","ooh_peroni",2021-11-28,0.0614120370282286,0
"impulse_pna_glass_500_620ml_1pack","m_ooh_peroni_total_imp_adstock30","ooh_peroni",2021-04-18,0,0
"impulse_pna_glass_500_620ml_1pack","m_ooh_peroni_total_imp_adstock30","ooh_peroni",2021-01-10,0,0
"impulse_pna_glass_500_620ml_1pack","m_ooh_peroni_total_imp_adstock30","ooh_peroni",2023-04-09,1.4690073334244e-06,0
"impulse_pna_glass_500_620ml_1pack","m_ooh_peroni_total_imp_adstock30","ooh_peroni",2021-08-15,0.0916037150763498,0
"impulse_pna_glass_500_620ml_1pack","m_ooh_peroni_total_imp_adstock30","ooh_peroni",2021-07-11,37.6966189865962,0
"impulse_pna_glass_500_620ml_1pack","m_ooh_peroni_total_imp_adstock30","ooh_peroni",2021-06-06,0,0
"impulse_pna_glass_500_620ml_1pack","m_ooh_peroni_total_imp_adstock30","ooh_peroni",2023-08-06,1204.56060703473,1666.58500952169
"impulse_pna_glass_500_620ml_1pack","m_ooh_peroni_total_imp_adstock30","ooh_peroni",2022-06-19,21.0479615968173,0
"impulse_pna_glass_500_620ml_1pack","m_ooh_peroni_total_imp_adstock30","ooh_peroni",2021-05-02,0,0
"impulse_pna_glass_500_620ml_1pack","m_ooh_peroni_total_imp_adstock30","ooh_peroni",2021-08-29,0.00824433269801761,0
"impulse_pna_glass_500_620ml_1pack","m_ooh_peroni_total_imp_adstock30","ooh_peroni",2023-04-23,1.31771421935079e-07,0
"impulse_pna_glass_500_620ml_1pack","m_ooh_peroni_total_imp_adstock30","ooh_peroni",2022-10-16,2.92825382077954e-08,0
"impulse_pna_glass_500_620ml_1pack","m_ooh_peroni_total_imp_adstock30","ooh_peroni",2021-01-17,0,0
"impulse_pna_glass_500_620ml_1pack","m_ooh_peroni_total_imp_adstock30","ooh_peroni",2022-08-07,0.00460320524541866,0
"impulse_pna_glass_500_620ml_1pack","m_ooh_peroni_total_imp_adstock30","ooh_peroni",2023-08-20,462.656658991999,0
"impulse_pna_glass_500_620ml_1pack","m_ooh_peroni_total_imp_adstock30","ooh_peroni",2022-07-03,1.89432248717152,0
"impulse_pna_glass_500_620ml_1pack","m_ooh_peroni_total_imp_adstock30","ooh_peroni",2021-10-17,84.2372096878065,0
"impulse_pna_glass_500_620ml_1pack","m_ooh_peroni_total_imp_adstock30","ooh_peroni",2021-03-07,0,0
"impulse_pna_glass_500_620ml_1pack","m_ooh_peroni_total_imp_adstock30","ooh_peroni",2021-01-31,0,0
"impulse_pna_glass_500_620ml_1pack","m_ooh_peroni_total_imp_adstock30","ooh_peroni",2022-03-20,0,0
"impulse_pna_glass_500_620ml_1pack","m_ooh_peroni_total_imp_adstock30","ooh_peroni",2022-02-13,1.07369306761916e-07,0
"impulse_pna_glass_500_620ml_1pack","m_ooh_peroni_total_imp_adstock30","ooh_peroni",2022-01-09,4.47681204966845e-05,0
"impulse_pna_glass_500_620ml_1pack","m_ooh_peroni_total_imp_adstock30","ooh_peroni",2023-09-03,41.7023378944994,0
"impulse_pna_glass_500_620ml_1pack","m_ooh_peroni_total_imp_adstock30","ooh_peroni",2021-12-05,0.0184236115969624,0
"impulse_pna_glass_500_620ml_1pack","m_ooh_peroni_total_imp_adstock30","ooh_peroni",2021-04-25,0,0
"impulse_pna_glass_500_620ml_1pack","m_ooh_peroni_total_imp_adstock30","ooh_peroni",2021-03-21,0,0
"impulse_pna_glass_500_620ml_1pack","m_ooh_peroni_total_imp_adstock30","ooh_peroni",2021-02-14,0,0
"impulse_pna_glass_500_620ml_1pack","m_ooh_peroni_total_imp_adstock30","ooh_peroni",2021-08-22,0.0274811155004879,0
"impulse_pna_glass_500_620ml_1pack","m_ooh_peroni_total_imp_adstock30","ooh_peroni",2021-07-18,11.3090901156109,0
"impulse_pna_glass_500_620ml_1pack","m_ooh_peroni_total_imp_adstock30","ooh_peroni",2021-06-13,0,0
"impulse_pna_glass_500_620ml_1pack","m_ooh_peroni_total_imp_adstock30","ooh_peroni",2023-08-13,1519.0189903616,1664.79322938694
"impulse_pna_glass_500_620ml_1pack","m_ooh_peroni_total_imp_adstock30","ooh_peroni",2022-06-26,6.31440665470883,0
"impulse_pna_glass_500_620ml_1pack","m_ooh_peroni_total_imp_adstock30","ooh_peroni",2021-05-09,0,0
"impulse_pna_glass_500_620ml_1pack","m_ooh_peroni_total_imp_adstock30","ooh_peroni",2021-09-05,0.00247330078549098,0
"impulse_pna_glass_500_620ml_1pack","m_ooh_peroni_total_imp_adstock30","ooh_peroni",2023-04-30,3.90433842770605e-08,0
"impulse_pna_glass_500_620ml_1pack","m_ooh_peroni_total_imp_adstock30","ooh_peroni",2022-10-23,9.76084606926512e-09,0
"impulse_pna_glass_500_620ml_1pack","m_ooh_peroni_total_imp_adstock30","ooh_peroni",2021-01-24,0,0
"impulse_pna_glass_500_620ml_1pack","m_ooh_peroni_total_imp_adstock30","ooh_peroni",2022-08-14,0.00138095962145658,0
"impulse_pna_glass_500_620ml_1pack","m_ooh_peroni_total_imp_adstock30","ooh_peroni",2023-08-27,138.990344196072,0
"impulse_pna_glass_500_620ml_1pack","m_ooh_peroni_total_imp_adstock30","ooh_peroni",2022-07-10,0.568296759401951,0
"impulse_pna_glass_500_620ml_1pack","m_ooh_peroni_total_imp_adstock30","ooh_peroni",2021-10-24,25.272328123744,0
"impulse_pna_glass_500_620ml_1pack","m_ooh_peroni_total_imp_adstock30","ooh_peroni",2021-03-14,0,0
"impulse_pna_glass_500_620ml_1pack","m_ooh_peroni_total_imp_adstock30","ooh_peroni",2021-02-07,0,0
"impulse_pna_glass_500_620ml_1pack","m_ooh_peroni_total_imp_adstock30","ooh_peroni",2022-03-27,0,0
"impulse_pna_glass_500_620ml_1pack","m_ooh_peroni_total_imp_adstock30","ooh_peroni",2023-11-19,7.38749634752331e-05,0
"impulse_pna_glass_500_620ml_1pack","m_ooh_peroni_total_imp_adstock30","ooh_peroni",2023-10-15,0.0304013800687073,0
"impulse_pna_glass_500_620ml_1pack","m_ooh_peroni_total_imp_adstock30","ooh_peroni",2023-09-10,12.5108427368638,0
"impulse_pna_glass_500_620ml_1pack","m_ooh_peroni_total_imp_adstock30","ooh_peroni",2023-12-17,296.436338797342,0
"impulse_pna_glass_500_620ml_1pack","m_ooh_peroni_total_imp_adstock30","ooh_peroni",2023-11-12,0.000246251505058455,0
"impulse_pna_glass_500_620ml_1pack","m_ooh_peroni_total_imp_adstock30","ooh_peroni",2021-03-28,0,0
"impulse_pna_glass_500_620ml_1pack","m_ooh_peroni_total_imp_adstock30","ooh_peroni",2021-02-21,0,0
"impulse_pna_glass_500_620ml_1pack","m_ooh_peroni_total_imp_adstock30","ooh_peroni",2022-04-10,0,0
"impulse_pna_glass_500_620ml_1pack","m_ooh_peroni_total_imp_adstock30","ooh_peroni",2023-12-03,3070.84413394051,3443.32501129468
"impulse_pna_glass_500_620ml_1pack","m_ooh_peroni_total_imp_adstock30","ooh_peroni",2023-10-29,0.00273612132675198,0
"impulse_pna_glass_500_620ml_1pack","m_ooh_peroni_total_imp_adstock30","ooh_peroni",2023-09-24,1.12597709284181,0
"impulse_pna_glass_500_620ml_1pack","m_ooh_peroni_total_imp_adstock30","ooh_peroni",2023-11-26,2427.64297401164,3460.64045617798
"impulse_pna_glass_500_620ml_1pack","m_ooh_peroni_total_imp_adstock30","ooh_peroni",2023-10-22,0.00912041255654004,0
"impulse_pna_glass_500_620ml_1pack","m_ooh_peroni_total_imp_adstock30","ooh_peroni",2021-09-12,201.710718416731,288.115007617305
"impulse_pna_glass_500_620ml_1pack","m_ooh_peroni_total_imp_adstock30","ooh_peroni",2023-05-07,9.76084606926512e-09,0
"impulse_pna_glass_500_620ml_1pack","m_ooh_peroni_total_imp_adstock30","ooh_peroni",2022-10-30,4.88042303463256e-09,0
"impulse_pna_glass_500_620ml_1pack","m_ooh_peroni_total_imp_adstock30","ooh_peroni",2021-04-04,0,0
"impulse_pna_glass_500_620ml_1pack","m_ooh_peroni_total_imp_adstock30","ooh_peroni",2021-02-28,0,0
"impulse_pna_glass_500_620ml_1pack","m_ooh_peroni_total_imp_adstock30","ooh_peroni",2023-10-08,0.101337938436019,0
"impulse_pna_glass_500_620ml_1pack","m_ooh_peroni_total_imp_adstock30","ooh_peroni",2023-12-10,981.925320294782,0
"impulse_pna_glass_500_620ml_1pack","m_ooh_peroni_total_imp_adstock30","ooh_peroni",2021-10-31,7.58172989973138,0
"impulse_pna_glass_500_620ml_1pack","m_ooh_peroni_total_imp_adstock30","ooh_peroni",2021-09-26,492.816053233151,591.97498814387
"impulse_pna_glass_500_620ml_1pack","m_ooh_peroni_total_imp_adstock30","ooh_peroni",2023-05-21,0,0
"impulse_pna_glass_500_620ml_1pack","m_ooh_peroni_total_imp_adstock30","ooh_peroni",2022-04-03,0,0
"impulse_pna_glass_500_620ml_1pack","m_ooh_peroni_total_imp_adstock30","ooh_peroni",2021-09-19,262.170657336299,288.016769916945
"impulse_pna_glass_500_620ml_1pack","m_ooh_peroni_total_imp_adstock30","ooh_peroni",2023-05-14,4.88042303463256e-09,0
"impulse_pna_glass_500_620ml_1pack","m_ooh_peroni_total_imp_adstock30","ooh_peroni",2023-09-17,3.75325663910926,0
"impulse_pna_glass_500_620ml_1pack","m_ooh_peroni_total_imp_adstock30","ooh_peroni",2023-12-24,88.981711476517,0
"impulse_pna_glass_500_620ml_1pack","m_ooh_peroni_total_imp_adstock30","ooh_peroni",2022-12-04,3459.8434711031,2885.15325083113
"impulse_pna_glass_500_620ml_1pack","m_ooh_peroni_total_imp_adstock30","ooh_peroni",2022-04-24,0,0
"impulse_pna_glass_500_620ml_1pack","m_ooh_peroni_total_imp_adstock30","ooh_peroni",2023-02-05,0.074586846378217,0
"impulse_pna_glass_500_620ml_1pack","m_ooh_peroni_total_imp_adstock30","ooh_peroni",2022-04-17,0,0
"impulse_pna_glass_500_620ml_1pack","m_ooh_peroni_total_imp_adstock30","ooh_peroni",2023-01-29,0.248622824414483,0
"impulse_pna_glass_500_620ml_1pack","m_ooh_peroni_total_imp_adstock30","ooh_peroni",2023-11-05,0.000820838350194846,0
"impulse_pna_glass_500_620ml_1pack","m_ooh_peroni_total_imp_adstock30","ooh_peroni",2023-10-01,0.337793131123239,0
"impulse_pna_glass_500_620ml_1pack","m_ooh_peroni_total_imp_adstock30","ooh_peroni",2023-01-22,0.828742737842694,0
"impulse_pna_glass_500_620ml_1pack","m_ooh_peroni_total_imp_adstock30","ooh_peroni",2022-12-18,340.763581903412,0
"impulse_pna_glass_500_620ml_1pack","m_ooh_peroni_total_imp_adstock30","ooh_peroni",2022-11-13,6080.26541175366,8622.89792033498
"impulse_pna_glass_500_620ml_1pack","m_ooh_peroni_total_imp_adstock30","ooh_peroni",2023-01-15,2.76247565095254,0
"impulse_pna_glass_500_620ml_1pack","m_ooh_peroni_total_imp_adstock30","ooh_peroni",2022-11-06,0,0
"impulse_pna_glass_500_620ml_1pack","m_ooh_peroni_total_imp_adstock30","ooh_peroni",2023-01-08,9.20824709015429,0
"impulse_pna_glass_500_620ml_1pack","m_ooh_peroni_total_imp_adstock30","ooh_peroni",2022-06-05,233.775713665196,0
"impulse_pna_glass_500_620ml_1pack","m_ooh_peroni_total_imp_adstock30","ooh_peroni",2022-12-25,102.306272174148,0
"impulse_pna_glass_500_620ml_1pack","m_ooh_peroni_total_imp_adstock30","ooh_peroni",2022-05-29,776.200174958821,0
"impulse_pna_glass_500_620ml_1pack","m_ooh_peroni_total_imp_adstock30","ooh_peroni",2023-01-01,30.6939690771251,0
"impulse_pna_glass_500_620ml_1pack","m_ooh_peroni_total_imp_adstock30","ooh_peroni",2022-11-27,4599.1521514105,2684.82217429958
"impulse_pna_glass_500_620ml_1pack","m_ooh_peroni_total_imp_adstock30","ooh_peroni",2022-06-12,70.157628144583,0
"impulse_pna_glass_500_620ml_1pack","m_ooh_peroni_total_imp_adstock30","ooh_peroni",2022-11-20,6928.30958983602,8488.11771264147
"impulse_pna_glass_500_620ml_1pack","m_ooh_peroni_total_imp_adstock30","ooh_peroni",2022-05-15,2822.66008787049,2134.21826480347
"impulse_pna_glass_500_620ml_1pack","m_ooh_peroni_total_imp_adstock30","ooh_peroni",2022-05-01,3379.38969433542,4795.89944770862
"impulse_pna_glass_500_620ml_1pack","m_ooh_peroni_total_imp_adstock30","ooh_peroni",2022-05-08,4145.40466977176,4659.81143408301
"impulse_pna_glass_500_620ml_1pack","m_ooh_peroni_total_imp_adstock30","ooh_peroni",2022-12-11,1126.50196991917,0
"impulse_pna_glass_500_620ml_1pack","m_ooh_peroni_total_imp_adstock30","ooh_peroni",2022-05-22,2483.1025555396,2350.82992094853
"impulse_pna_glass_500_620ml_1pack","m_tv_peroni_total_tvr_adstock60","tv_peroni",2023-09-10,0.0138946873889812,0
"impulse_pna_glass_500_620ml_1pack","m_tv_peroni_total_tvr_adstock60","tv_peroni",2021-06-27,183.790940873301,0
"impulse_pna_glass_500_620ml_1pack","m_tv_peroni_total_tvr_adstock60","tv_peroni",2022-01-23,251.021252731748,0
"impulse_pna_glass_500_620ml_1pack","m_tv_peroni_total_tvr_adstock60","tv_peroni",2022-01-16,418.19451133355,0
"impulse_pna_glass_500_620ml_1pack","m_tv_peroni_total_tvr_adstock60","tv_peroni",2022-07-24,1205.70815983882,0
"impulse_pna_glass_500_620ml_1pack","m_tv_peroni_total_tvr_adstock60","tv_peroni",2022-08-21,8749.31925688608,21568.5943425854
"impulse_pna_glass_500_620ml_1pack","m_tv_peroni_total_tvr_adstock60","tv_peroni",2021-02-07,0,0
"impulse_pna_glass_500_620ml_1pack","m_tv_peroni_total_tvr_adstock60","tv_peroni",2021-07-04,1256.50421052964,2873.90604630023
"impulse_pna_glass_500_620ml_1pack","m_tv_peroni_total_tvr_adstock60","tv_peroni",2023-02-19,0.611366244310416,0
"impulse_pna_glass_500_620ml_1pack","m_tv_peroni_total_tvr_adstock60","tv_peroni",2021-08-29,21.2310486093916,0
"impulse_pna_glass_500_620ml_1pack","m_tv_peroni_total_tvr_adstock60","tv_peroni",2023-02-12,1.02820686295506,0
"impulse_pna_glass_500_620ml_1pack","m_tv_peroni_total_tvr_adstock60","tv_peroni",2021-06-20,306.248820907221,0
"impulse_pna_glass_500_620ml_1pack","m_tv_peroni_total_tvr_adstock60","tv_peroni",2022-01-30,150.634155939215,0
"impulse_pna_glass_500_620ml_1pack","m_tv_peroni_total_tvr_adstock60","tv_peroni",2023-09-17,0.0138946873889812,0
"impulse_pna_glass_500_620ml_1pack","m_tv_peroni_total_tvr_adstock60","tv_peroni",2021-03-14,0,0
"impulse_pna_glass_500_620ml_1pack","m_tv_peroni_total_tvr_adstock60","tv_peroni",2022-07-31,725.800452856276,0
"impulse_pna_glass_500_620ml_1pack","m_tv_peroni_total_tvr_adstock60","tv_peroni",2022-08-28,10018.4791042442,15780.3903516072
"impulse_pna_glass_500_620ml_1pack","m_tv_peroni_total_tvr_adstock60","tv_peroni",2021-03-07,0,0
"impulse_pna_glass_500_620ml_1pack","m_tv_peroni_total_tvr_adstock60","tv_peroni",2021-01-31,0,0
"impulse_pna_glass_500_620ml_1pack","m_tv_peroni_total_tvr_adstock60","tv_peroni",2023-02-26,0.361261871947626,0
"impulse_pna_glass_500_620ml_1pack","m_tv_peroni_total_tvr_adstock60","tv_peroni",2021-09-05,401.56435373942,938.159255860129
"impulse_pna_glass_500_620ml_1pack","m_tv_peroni_total_tvr_adstock60","tv_peroni",2021-10-03,3923.47912921534,0
"impulse_pna_glass_500_620ml_1pack","m_tv_peroni_total_tvr_adstock60","tv_peroni",2023-10-01,0.0138946873889812,0
"impulse_pna_glass_500_620ml_1pack","m_tv_peroni_total_tvr_adstock60","tv_peroni",2023-03-19,0.0833681243319024,0
"impulse_pna_glass_500_620ml_1pack","m_tv_peroni_total_tvr_adstock60","tv_peroni",2023-09-24,0.0138946873889812,0
"impulse_pna_glass_500_620ml_1pack","m_tv_peroni_total_tvr_adstock60","tv_peroni",2021-03-21,0,0
"impulse_pna_glass_500_620ml_1pack","m_tv_peroni_total_tvr_adstock60","tv_peroni",2021-02-14,0,0
"impulse_pna_glass_500_620ml_1pack","m_tv_peroni_total_tvr_adstock60","tv_peroni",2022-09-04,7635.31293035092,0
"impulse_pna_glass_500_620ml_1pack","m_tv_peroni_total_tvr_adstock60","tv_peroni",2021-09-19,5186.60378789662,11655.2696047562
"impulse_pna_glass_500_620ml_1pack","m_tv_peroni_total_tvr_adstock60","tv_peroni",2022-10-30,2164.33367947444,0
"impulse_pna_glass_500_620ml_1pack","m_tv_peroni_total_tvr_adstock60","tv_peroni",2023-03-05,0.222314998185135,0
"impulse_pna_glass_500_620ml_1pack","m_tv_peroni_total_tvr_adstock60","tv_peroni",2021-07-11,756.592173965838,0
"impulse_pna_glass_500_620ml_1pack","m_tv_peroni_total_tvr_adstock60","tv_peroni",2021-10-10,5520.07003268515,8516.38338915049
"impulse_pna_glass_500_620ml_1pack","m_tv_peroni_total_tvr_adstock60","tv_peroni",2023-07-02,0.0138946873889812,0
"impulse_pna_glass_500_620ml_1pack","m_tv_peroni_total_tvr_adstock60","tv_peroni",2023-03-26,0.0555787495553578,0
"impulse_pna_glass_500_620ml_1pack","m_tv_peroni_total_tvr_adstock60","tv_peroni",2022-11-20,474.987085672868,0
"impulse_pna_glass_500_620ml_1pack","m_tv_peroni_total_tvr_adstock60","tv_peroni",2022-02-06,3416.27064020638,8200.44767131999
"impulse_pna_glass_500_620ml_1pack","m_tv_peroni_total_tvr_adstock60","tv_peroni",2022-11-13,790.529699631748,0
"impulse_pna_glass_500_620ml_1pack","m_tv_peroni_total_tvr_adstock60","tv_peroni",2022-09-11,8950.19966220333,13374.5602577158
"impulse_pna_glass_500_620ml_1pack","m_tv_peroni_total_tvr_adstock60","tv_peroni",2022-08-07,436.000905760925,0
"impulse_pna_glass_500_620ml_1pack","m_tv_peroni_total_tvr_adstock60","tv_peroni",2022-11-06,1312.44351816037,0
"impulse_pna_glass_500_620ml_1pack","m_tv_peroni_total_tvr_adstock60","tv_peroni",2023-07-16,0.0138946873889812,0
"impulse_pna_glass_500_620ml_1pack","m_tv_peroni_total_tvr_adstock60","tv_peroni",2023-04-09,0.0138946873889812,0
"impulse_pna_glass_500_620ml_1pack","m_tv_peroni_total_tvr_adstock60","tv_peroni",2021-10-17,3553.32406668987,0
"impulse_pna_glass_500_620ml_1pack","m_tv_peroni_total_tvr_adstock60","tv_peroni",2021-09-12,974.220090124644,1732.97856479217
"impulse_pna_glass_500_620ml_1pack","m_tv_peroni_total_tvr_adstock60","tv_peroni",2021-12-12,1479.31700388678,2053.60806109205
"impulse_pna_glass_500_620ml_1pack","m_tv_peroni_total_tvr_adstock60","tv_peroni",2023-10-08,0.0138946873889812,0
"impulse_pna_glass_500_620ml_1pack","m_tv_peroni_total_tvr_adstock60","tv_peroni",2022-02-13,5673.11100430904,10001.4067460913
"impulse_pna_glass_500_620ml_1pack","m_tv_peroni_total_tvr_adstock60","tv_peroni",2022-01-09,696.238285557618,0
"impulse_pna_glass_500_620ml_1pack","m_tv_peroni_total_tvr_adstock60","tv_peroni",2021-03-28,7316.10901619325,17048.8287961811
"impulse_pna_glass_500_620ml_1pack","m_tv_peroni_total_tvr_adstock60","tv_peroni",2021-02-21,0,0
"impulse_pna_glass_500_620ml_1pack","m_tv_peroni_total_tvr_adstock60","tv_peroni",2021-10-31,5407.98447160383,5770.41279488583
"impulse_pna_glass_500_620ml_1pack","m_tv_peroni_total_tvr_adstock60","tv_peroni",2021-09-26,6013.61223206584,7859.9325816214
"impulse_pna_glass_500_620ml_1pack","m_tv_peroni_total_tvr_adstock60","tv_peroni",2021-12-26,1912.25471073424,0
"impulse_pna_glass_500_620ml_1pack","m_tv_peroni_total_tvr_adstock60","tv_peroni",2023-03-12,0.138946873880455,0
"impulse_pna_glass_500_620ml_1pack","m_tv_peroni_total_tvr_adstock60","tv_peroni",2021-07-18,454.539189942395,0
"impulse_pna_glass_500_620ml_1pack","m_tv_peroni_total_tvr_adstock60","tv_peroni",2021-12-19,3117.4723044457,5723.0350886018
"impulse_pna_glass_500_620ml_1pack","m_tv_peroni_total_tvr_adstock60","tv_peroni",2023-07-09,0.0138946873889812,0
"impulse_pna_glass_500_620ml_1pack","m_tv_peroni_total_tvr_adstock60","tv_peroni",2023-04-02,0.0277893747779057,0
"impulse_pna_glass_500_620ml_1pack","m_tv_peroni_total_tvr_adstock60","tv_peroni",2022-11-27,285.134536399158,0
"impulse_pna_glass_500_620ml_1pack","m_tv_peroni_total_tvr_adstock60","tv_peroni",2021-04-04,8858.97498112149,12605.4818524525
"impulse_pna_glass_500_620ml_1pack","m_tv_peroni_total_tvr_adstock60","tv_peroni",2021-02-28,0,0
"impulse_pna_glass_500_620ml_1pack","m_tv_peroni_total_tvr_adstock60","tv_peroni",2022-09-18,7482.36536984299,3573.62777461115
"impulse_pna_glass_500_620ml_1pack","m_tv_peroni_total_tvr_adstock60","tv_peroni",2022-08-14,261.712729561951,0
"impulse_pna_glass_500_620ml_1pack","m_tv_peroni_total_tvr_adstock60","tv_peroni",2022-01-02,1156.8871201857,0
"impulse_pna_glass_500_620ml_1pack","m_tv_peroni_total_tvr_adstock60","tv_peroni",2023-07-23,0.0138946873889812,0
"impulse_pna_glass_500_620ml_1pack","m_tv_peroni_total_tvr_adstock60","tv_peroni",2023-04-16,0.0138946873889812,0
"impulse_pna_glass_500_620ml_1pack","m_tv_peroni_total_tvr_adstock60","tv_peroni",2021-10-24,5374.43305088466,8705.26034008837
"impulse_pna_glass_500_620ml_1pack","m_tv_peroni_total_tvr_adstock60","tv_peroni",2022-03-27,299.349852411322,0
"impulse_pna_glass_500_620ml_1pack","m_tv_peroni_total_tvr_adstock60","tv_peroni",2023-11-19,0.0138946873889812,0
"impulse_pna_glass_500_620ml_1pack","m_tv_peroni_total_tvr_adstock60","tv_peroni",2023-10-15,0.0138946873889812,0
"impulse_pna_glass_500_620ml_1pack","m_tv_peroni_total_tvr_adstock60","tv_peroni",2022-02-20,3666.63025378355,0
"impulse_pna_glass_500_620ml_1pack","m_tv_peroni_total_tvr_adstock60","tv_peroni",2021-01-03,0,0
"impulse_pna_glass_500_620ml_1pack","m_tv_peroni_total_tvr_adstock60","tv_peroni",2023-08-06,0.0138946873889812,0
"impulse_pna_glass_500_620ml_1pack","m_tv_peroni_total_tvr_adstock60","tv_peroni",2023-05-28,0.0138946873889812,0
"impulse_pna_glass_500_620ml_1pack","m_tv_peroni_total_tvr_adstock60","tv_peroni",2021-11-07,3471.15809525711,0
"impulse_pna_glass_500_620ml_1pack","m_tv_peroni_total_tvr_adstock60","tv_peroni",2022-04-10,5405.65858405921,11359.0209636797
"impulse_pna_glass_500_620ml_1pack","m_tv_peroni_total_tvr_adstock60","tv_peroni",2023-04-23,0.0138946873889812,0
"impulse_pna_glass_500_620ml_1pack","m_tv_peroni_total_tvr_adstock60","tv_peroni",2023-10-29,0.0138946873889812,0
"impulse_pna_glass_500_620ml_1pack","m_tv_peroni_total_tvr_adstock60","tv_peroni",2021-07-25,272.847854567544,0
"impulse_pna_glass_500_620ml_1pack","m_tv_peroni_total_tvr_adstock60","tv_peroni",2021-01-17,0,0
"impulse_pna_glass_500_620ml_1pack","m_tv_peroni_total_tvr_adstock60","tv_peroni",2021-05-16,3743.13325525888,0
"impulse_pna_glass_500_620ml_1pack","m_tv_peroni_total_tvr_adstock60","tv_peroni",2023-06-11,0.0138946873889812,0
"impulse_pna_glass_500_620ml_1pack","m_tv_peroni_total_tvr_adstock60","tv_peroni",2022-12-04,171.109315203521,0
"impulse_pna_glass_500_620ml_1pack","m_tv_peroni_total_tvr_adstock60","tv_peroni",2021-04-11,9379.69448303632,11656.0940000318
"impulse_pna_glass_500_620ml_1pack","m_tv_peroni_total_tvr_adstock60","tv_peroni",2023-05-07,0.0138946873889812,0
"impulse_pna_glass_500_620ml_1pack","m_tv_peroni_total_tvr_adstock60","tv_peroni",2022-09-25,8068.26696704355,10336.1032769055
"impulse_pna_glass_500_620ml_1pack","m_tv_peroni_total_tvr_adstock60","tv_peroni",2021-08-08,98.2459929821276,0
"impulse_pna_glass_500_620ml_1pack","m_tv_peroni_total_tvr_adstock60","tv_peroni",2022-07-17,1991.5624185366,0
"impulse_pna_glass_500_620ml_1pack","m_tv_peroni_total_tvr_adstock60","tv_peroni",2023-07-30,0.0138946873889812,0
"impulse_pna_glass_500_620ml_1pack","m_tv_peroni_total_tvr_adstock60","tv_peroni",2023-06-25,0.0138946873889812,0
"impulse_pna_glass_500_620ml_1pack","m_tv_peroni_total_tvr_adstock60","tv_peroni",2022-05-08,9897.8442318323,9894.11341098882
"impulse_pna_glass_500_620ml_1pack","m_tv_peroni_total_tvr_adstock60","tv_peroni",2022-04-03,179.651769310056,0
"impulse_pna_glass_500_620ml_1pack","m_tv_peroni_total_tvr_adstock60","tv_peroni",2023-11-26,0.0138946873889812,0
"impulse_pna_glass_500_620ml_1pack","m_tv_peroni_total_tvr_adstock60","tv_peroni",2023-10-22,0.0138946873889812,0
"impulse_pna_glass_500_620ml_1pack","m_tv_peroni_total_tvr_adstock60","tv_peroni",2022-02-27,2268.43264719329,0
"impulse_pna_glass_500_620ml_1pack","m_tv_peroni_total_tvr_adstock60","tv_peroni",2021-01-10,0,0
"impulse_pna_glass_500_620ml_1pack","m_tv_peroni_total_tvr_adstock60","tv_peroni",2023-08-13,0.0138946873889812,0
"impulse_pna_glass_500_620ml_1pack","m_tv_peroni_total_tvr_adstock60","tv_peroni",2023-06-04,0.0138946873889812,0
"impulse_pna_glass_500_620ml_1pack","m_tv_peroni_total_tvr_adstock60","tv_peroni",2021-11-14,2140.62087699409,0
"impulse_pna_glass_500_620ml_1pack","m_tv_peroni_total_tvr_adstock60","tv_peroni",2022-04-17,8643.35262307448,14191.8234674516
"impulse_pna_glass_500_620ml_1pack","m_tv_peroni_total_tvr_adstock60","tv_peroni",2023-04-30,0.0138946873889812,0
"impulse_pna_glass_500_620ml_1pack","m_tv_peroni_total_tvr_adstock60","tv_peroni",2023-11-05,0.0138946873889812,0
"impulse_pna_glass_500_620ml_1pack","m_tv_peroni_total_tvr_adstock60","tv_peroni",2021-08-01,163.733422444974,0
"impulse_pna_glass_500_620ml_1pack","m_tv_peroni_total_tvr_adstock60","tv_peroni",2021-01-24,0,0
"impulse_pna_glass_500_620ml_1pack","m_tv_peroni_total_tvr_adstock60","tv_peroni",2021-05-23,2318.79682333009,0
"impulse_pna_glass_500_620ml_1pack","m_tv_peroni_total_tvr_adstock60","tv_peroni",2023-06-18,0.0138946873889812,0
"impulse_pna_glass_500_620ml_1pack","m_tv_peroni_total_tvr_adstock60","tv_peroni",2022-12-11,102.677925321324,0
"impulse_pna_glass_500_620ml_1pack","m_tv_peroni_total_tvr_adstock60","tv_peroni",2021-04-18,9247.72594238482,9757.49737930684
"impulse_pna_glass_500_620ml_1pack","m_tv_peroni_total_tvr_adstock60","tv_peroni",2023-05-14,0.0138946873889812,0
"impulse_pna_glass_500_620ml_1pack","m_tv_peroni_total_tvr_adstock60","tv_peroni",2022-10-02,5643.11996404068,0
"impulse_pna_glass_500_620ml_1pack","m_tv_peroni_total_tvr_adstock60","tv_peroni",2021-08-15,58.9544365852207,0
"impulse_pna_glass_500_620ml_1pack","m_tv_peroni_total_tvr_adstock60","tv_peroni",2023-12-17,0.0138946873889812,0
"impulse_pna_glass_500_620ml_1pack","m_tv_peroni_total_tvr_adstock60","tv_peroni",2021-06-06,848.791052335999,0
"impulse_pna_glass_500_620ml_1pack","m_tv_peroni_total_tvr_adstock60","tv_peroni",2023-01-29,2.87620020568277,0
"impulse_pna_glass_500_620ml_1pack","m_tv_peroni_total_tvr_adstock60","tv_peroni",2022-05-15,9738.52151135533,9226.25866103169
"impulse_pna_glass_500_620ml_1pack","m_tv_peroni_total_tvr_adstock60","tv_peroni",2021-05-02,8211.01254471823,6886.23921702901
"impulse_pna_glass_500_620ml_1pack","m_tv_peroni_total_tvr_adstock60","tv_peroni",2023-12-03,0.0138946873889812,0
"impulse_pna_glass_500_620ml_1pack","m_tv_peroni_total_tvr_adstock60","tv_peroni",2022-10-16,5457.75425711019,0
"impulse_pna_glass_500_620ml_1pack","m_tv_peroni_total_tvr_adstock60","tv_peroni",2022-03-06,1377.0122621412,0
"impulse_pna_glass_500_620ml_1pack","m_tv_peroni_total_tvr_adstock60","tv_peroni",2023-05-21,0.0138946873889812,0
"impulse_pna_glass_500_620ml_1pack","m_tv_peroni_total_tvr_adstock60","tv_peroni",2023-08-20,0.0138946873889812,0
"impulse_pna_glass_500_620ml_1pack","m_tv_peroni_total_tvr_adstock60","tv_peroni",2023-01-08,13.3111022081467,0
"impulse_pna_glass_500_620ml_1pack","m_tv_peroni_total_tvr_adstock60","tv_peroni",2021-11-21,1297.76041413143,0
"impulse_pna_glass_500_620ml_1pack","m_tv_peroni_total_tvr_adstock60","tv_peroni",2022-04-24,9217.54108795806,10347.1684243253
"impulse_pna_glass_500_620ml_1pack","m_tv_peroni_total_tvr_adstock60","tv_peroni",2023-02-05,1.72294121821311,0
"impulse_pna_glass_500_620ml_1pack","m_tv_peroni_total_tvr_adstock60","tv_peroni",2023-11-12,0.0138946873889812,0
"impulse_pna_glass_500_620ml_1pack","m_tv_peroni_total_tvr_adstock60","tv_peroni",2022-03-20,498.632078525399,0
"impulse_pna_glass_500_620ml_1pack","m_tv_peroni_total_tvr_adstock60","tv_peroni",2023-12-10,0.0138946873889812,0
"impulse_pna_glass_500_620ml_1pack","m_tv_peroni_total_tvr_adstock60","tv_peroni",2021-05-30,1408.31927554634,0
"impulse_pna_glass_500_620ml_1pack","m_tv_peroni_total_tvr_adstock60","tv_peroni",2023-01-22,4.79366676106155,0
"impulse_pna_glass_500_620ml_1pack","m_tv_peroni_total_tvr_adstock60","tv_peroni",2022-12-18,61.608219919127,0
"impulse_pna_glass_500_620ml_1pack","m_tv_peroni_total_tvr_adstock60","tv_peroni",2021-04-25,8998.96336751824,9427.82160381838
"impulse_pna_glass_500_620ml_1pack","m_tv_peroni_total_tvr_adstock60","tv_peroni",2023-01-15,7.98944345172456,0
"impulse_pna_glass_500_620ml_1pack","m_tv_peroni_total_tvr_adstock60","tv_peroni",2022-10-09,7864.84825053688,13919.4358267509
"impulse_pna_glass_500_620ml_1pack","m_tv_peroni_total_tvr_adstock60","tv_peroni",2021-08-22,35.3757181000578,0
"impulse_pna_glass_500_620ml_1pack","m_tv_peroni_total_tvr_adstock60","tv_peroni",2023-12-24,0.0138946873889812,0
"impulse_pna_glass_500_620ml_1pack","m_tv_peroni_total_tvr_adstock60","tv_peroni",2021-06-13,510.105968771623,0
"impulse_pna_glass_500_620ml_1pack","m_tv_peroni_total_tvr_adstock60","tv_peroni",2022-07-03,5089.12305797088,0
"impulse_pna_glass_500_620ml_1pack","m_tv_peroni_total_tvr_adstock60","tv_peroni",2022-05-22,9906.43813422484,10745.1256748464
"impulse_pna_glass_500_620ml_1pack","m_tv_peroni_total_tvr_adstock60","tv_peroni",2021-05-09,5775.47255396301,0
"impulse_pna_glass_500_620ml_1pack","m_tv_peroni_total_tvr_adstock60","tv_peroni",2022-06-26,7447.81878170953,0
"impulse_pna_glass_500_620ml_1pack","m_tv_peroni_total_tvr_adstock60","tv_peroni",2022-10-23,3507.55719827878,0
"impulse_pna_glass_500_620ml_1pack","m_tv_peroni_total_tvr_adstock60","tv_peroni",2022-03-13,829.758807842931,0
"impulse_pna_glass_500_620ml_1pack","m_tv_peroni_total_tvr_adstock60","tv_peroni",2022-05-01,9938.93140178615,12300.4085702501
"impulse_pna_glass_500_620ml_1pack","m_tv_peroni_total_tvr_adstock60","tv_peroni",2023-08-27,0.0138946873889812,0
"impulse_pna_glass_500_620ml_1pack","m_tv_peroni_total_tvr_adstock60","tv_peroni",2022-06-12,9913.60001960268,11269.8032827111
"impulse_pna_glass_500_620ml_1pack","m_tv_peroni_total_tvr_adstock60","tv_peroni",2021-11-28,781.626038647808,0
"impulse_pna_glass_500_620ml_1pack","m_tv_peroni_total_tvr_adstock60","tv_peroni",2023-09-03,0.0138946873889812,0
"impulse_pna_glass_500_620ml_1pack","m_tv_peroni_total_tvr_adstock60","tv_peroni",2022-07-10,3240.9213877257,0
"impulse_pna_glass_500_620ml_1pack","m_tv_peroni_total_tvr_adstock60","tv_peroni",2022-05-29,10054.2438327554,11250.5592876615
"impulse_pna_glass_500_620ml_1pack","m_tv_peroni_total_tvr_adstock60","tv_peroni",2022-12-25,36.9596905560897,0
"impulse_pna_glass_500_620ml_1pack","m_tv_peroni_total_tvr_adstock60","tv_peroni",2023-01-01,22.1758826465129,0
"impulse_pna_glass_500_620ml_1pack","m_tv_peroni_total_tvr_adstock60","tv_peroni",2021-12-05,1090.6542530374,1546.76260010393
"impulse_pna_glass_500_620ml_1pack","m_tv_peroni_total_tvr_adstock60","tv_peroni",2022-06-05,9945.97805579843,10452.9114529941
"impulse_pna_glass_500_620ml_1pack","m_tv_peroni_total_tvr_adstock60","tv_peroni",2022-06-19,9851.46271248244,11948.8856371018
"impulse_pna_glass_500_620ml_1pack","mod_bp_impulse_pna_glass_500_620ml_1pack","price",2021-08-29,0,0
"impulse_pna_glass_500_620ml_1pack","mod_bp_impulse_pna_glass_500_620ml_1pack","price",2021-01-17,0,0
"impulse_pna_glass_500_620ml_1pack","mod_bp_impulse_pna_glass_500_620ml_1pack","price",2023-02-12,-34918.0082250746,-34918.0082250746
"impulse_pna_glass_500_620ml_1pack","mod_bp_impulse_pna_glass_500_620ml_1pack","price",2021-09-05,0,0
"impulse_pna_glass_500_620ml_1pack","mod_bp_impulse_pna_glass_500_620ml_1pack","price",2021-03-07,0,0
"impulse_pna_glass_500_620ml_1pack","mod_bp_impulse_pna_glass_500_620ml_1pack","price",2021-09-12,0,0
"impulse_pna_glass_500_620ml_1pack","mod_bp_impulse_pna_glass_500_620ml_1pack","price",2023-02-26,-34918.0082250746,-34918.0082250746
"impulse_pna_glass_500_620ml_1pack","mod_bp_impulse_pna_glass_500_620ml_1pack","price",2023-04-23,-34918.0082250746,-34918.0082250746
"impulse_pna_glass_500_620ml_1pack","mod_bp_impulse_pna_glass_500_620ml_1pack","price",2023-03-19,-34918.0082250746,-34918.0082250746
"impulse_pna_glass_500_620ml_1pack","mod_bp_impulse_pna_glass_500_620ml_1pack","price",2023-02-19,-34918.0082250746,-34918.0082250746
"impulse_pna_glass_500_620ml_1pack","mod_bp_impulse_pna_glass_500_620ml_1pack","price",2021-02-14,0,0
"impulse_pna_glass_500_620ml_1pack","mod_bp_impulse_pna_glass_500_620ml_1pack","price",2021-03-14,0,0
"impulse_pna_glass_500_620ml_1pack","mod_bp_impulse_pna_glass_500_620ml_1pack","price",2021-09-19,0,0
"impulse_pna_glass_500_620ml_1pack","mod_bp_impulse_pna_glass_500_620ml_1pack","price",2021-05-16,0,0
"impulse_pna_glass_500_620ml_1pack","mod_bp_impulse_pna_glass_500_620ml_1pack","price",2023-04-09,-34918.0082250746,-34918.0082250746
"impulse_pna_glass_500_620ml_1pack","mod_bp_impulse_pna_glass_500_620ml_1pack","price",2021-01-31,0,0
"impulse_pna_glass_500_620ml_1pack","mod_bp_impulse_pna_glass_500_620ml_1pack","price",2023-04-02,-34918.0082250746,-34918.0082250746
"impulse_pna_glass_500_620ml_1pack","mod_bp_impulse_pna_glass_500_620ml_1pack","price",2023-03-05,-34918.0082250746,-34918.0082250746
"impulse_pna_glass_500_620ml_1pack","mod_bp_impulse_pna_glass_500_620ml_1pack","price",2023-04-30,-34918.0082250746,-34918.0082250746
"impulse_pna_glass_500_620ml_1pack","mod_bp_impulse_pna_glass_500_620ml_1pack","price",2021-03-28,0,0
"impulse_pna_glass_500_620ml_1pack","mod_bp_impulse_pna_glass_500_620ml_1pack","price",2021-05-23,0,0
"impulse_pna_glass_500_620ml_1pack","mod_bp_impulse_pna_glass_500_620ml_1pack","price",2021-01-24,0,0
"impulse_pna_glass_500_620ml_1pack","mod_bp_impulse_pna_glass_500_620ml_1pack","price",2021-03-21,0,0
"impulse_pna_glass_500_620ml_1pack","mod_bp_impulse_pna_glass_500_620ml_1pack","price",2021-06-20,0,0
"impulse_pna_glass_500_620ml_1pack","mod_bp_impulse_pna_glass_500_620ml_1pack","price",2023-03-12,-34918.0082250746,-34918.0082250746
"impulse_pna_glass_500_620ml_1pack","mod_bp_impulse_pna_glass_500_620ml_1pack","price",2022-09-11,-34918.0082250746,-34918.0082250746
"impulse_pna_glass_500_620ml_1pack","mod_bp_impulse_pna_glass_500_620ml_1pack","price",2021-02-07,0,0
"impulse_pna_glass_500_620ml_1pack","mod_bp_impulse_pna_glass_500_620ml_1pack","price",2022-07-03,-34918.0082250746,-34918.0082250746
"impulse_pna_glass_500_620ml_1pack","mod_bp_impulse_pna_glass_500_620ml_1pack","price",2021-06-06,0,0
"impulse_pna_glass_500_620ml_1pack","mod_bp_impulse_pna_glass_500_620ml_1pack","price",2021-01-03,0,0
"impulse_pna_glass_500_620ml_1pack","mod_bp_impulse_pna_glass_500_620ml_1pack","price",2021-05-30,0,0
"impulse_pna_glass_500_620ml_1pack","mod_bp_impulse_pna_glass_500_620ml_1pack","price",2021-07-04,0,0
"impulse_pna_glass_500_620ml_1pack","mod_bp_impulse_pna_glass_500_620ml_1pack","price",2023-03-26,-34918.0082250746,-34918.0082250746
"impulse_pna_glass_500_620ml_1pack","mod_bp_impulse_pna_glass_500_620ml_1pack","price",2021-10-03,0,0
"impulse_pna_glass_500_620ml_1pack","mod_bp_impulse_pna_glass_500_620ml_1pack","price",2021-02-21,0,0
"impulse_pna_glass_500_620ml_1pack","mod_bp_impulse_pna_glass_500_620ml_1pack","price",2022-11-20,-34918.0082250746,-34918.0082250746
"impulse_pna_glass_500_620ml_1pack","mod_bp_impulse_pna_glass_500_620ml_1pack","price",2021-09-26,0,0
"impulse_pna_glass_500_620ml_1pack","mod_bp_impulse_pna_glass_500_620ml_1pack","price",2022-03-06,-34918.0082250746,-34918.0082250746
"impulse_pna_glass_500_620ml_1pack","mod_bp_impulse_pna_glass_500_620ml_1pack","price",2023-04-16,-34918.0082250746,-34918.0082250746
"impulse_pna_glass_500_620ml_1pack","mod_bp_impulse_pna_glass_500_620ml_1pack","price",2021-06-13,0,0
"impulse_pna_glass_500_620ml_1pack","mod_bp_impulse_pna_glass_500_620ml_1pack","price",2021-01-10,0,0
"impulse_pna_glass_500_620ml_1pack","mod_bp_impulse_pna_glass_500_620ml_1pack","price",2021-04-11,0,0
"impulse_pna_glass_500_620ml_1pack","mod_bp_impulse_pna_glass_500_620ml_1pack","price",2023-05-07,-34918.0082250746,-34918.0082250746
"impulse_pna_glass_500_620ml_1pack","mod_bp_impulse_pna_glass_500_620ml_1pack","price",2021-04-04,0,0
"impulse_pna_glass_500_620ml_1pack","mod_bp_impulse_pna_glass_500_620ml_1pack","price",2021-10-10,0,0
"impulse_pna_glass_500_620ml_1pack","mod_bp_impulse_pna_glass_500_620ml_1pack","price",2022-03-20,-34918.0082250746,-34918.0082250746
"impulse_pna_glass_500_620ml_1pack","mod_bp_impulse_pna_glass_500_620ml_1pack","price",2022-11-27,-34918.0082250746,-34918.0082250746
"impulse_pna_glass_500_620ml_1pack","mod_bp_impulse_pna_glass_500_620ml_1pack","price",2021-06-27,0,0
"impulse_pna_glass_500_620ml_1pack","mod_bp_impulse_pna_glass_500_620ml_1pack","price",2022-03-13,-34918.0082250746,-34918.0082250746
"impulse_pna_glass_500_620ml_1pack","mod_bp_impulse_pna_glass_500_620ml_1pack","price",2022-09-18,-34918.0082250746,-34918.0082250746
"impulse_pna_glass_500_620ml_1pack","mod_bp_impulse_pna_glass_500_620ml_1pack","price",2023-05-21,-50608.8417517801,-50608.8417517801
"impulse_pna_glass_500_620ml_1pack","mod_bp_impulse_pna_glass_500_620ml_1pack","price",2022-07-10,-34918.0082250746,-34918.0082250746
"impulse_pna_glass_500_620ml_1pack","mod_bp_impulse_pna_glass_500_620ml_1pack","price",2021-04-18,0,0
"impulse_pna_glass_500_620ml_1pack","mod_bp_impulse_pna_glass_500_620ml_1pack","price",2023-05-14,-50608.8417517801,-50608.8417517801
"impulse_pna_glass_500_620ml_1pack","mod_bp_impulse_pna_glass_500_620ml_1pack","price",2022-11-06,-34918.0082250746,-34918.0082250746
"impulse_pna_glass_500_620ml_1pack","mod_bp_impulse_pna_glass_500_620ml_1pack","price",2021-07-11,0,0
"impulse_pna_glass_500_620ml_1pack","mod_bp_impulse_pna_glass_500_620ml_1pack","price",2022-10-30,-34918.0082250746,-34918.0082250746
"impulse_pna_glass_500_620ml_1pack","mod_bp_impulse_pna_glass_500_620ml_1pack","price",2022-08-28,-34918.0082250746,-34918.0082250746
"impulse_pna_glass_500_620ml_1pack","mod_bp_impulse_pna_glass_500_620ml_1pack","price",2021-02-28,0,0
"impulse_pna_glass_500_620ml_1pack","mod_bp_impulse_pna_glass_500_620ml_1pack","price",2022-06-19,-34918.0082250746,-34918.0082250746
"impulse_pna_glass_500_620ml_1pack","mod_bp_impulse_pna_glass_500_620ml_1pack","price",2021-05-02,0,0
"impulse_pna_glass_500_620ml_1pack","mod_bp_impulse_pna_glass_500_620ml_1pack","price",2023-05-28,-50608.8417517801,-50608.8417517801
"impulse_pna_glass_500_620ml_1pack","mod_bp_impulse_pna_glass_500_620ml_1pack","price",2023-12-03,-63226.6583690322,-63226.6583690322
"impulse_pna_glass_500_620ml_1pack","mod_bp_impulse_pna_glass_500_620ml_1pack","price",2021-07-25,0,0
"impulse_pna_glass_500_620ml_1pack","mod_bp_impulse_pna_glass_500_620ml_1pack","price",2022-04-10,-34918.0082250746,-34918.0082250746
"impulse_pna_glass_500_620ml_1pack","mod_bp_impulse_pna_glass_500_620ml_1pack","price",2022-10-16,-34918.0082250746,-34918.0082250746
"impulse_pna_glass_500_620ml_1pack","mod_bp_impulse_pna_glass_500_620ml_1pack","price",2023-08-20,-63226.6583690322,-63226.6583690322
"impulse_pna_glass_500_620ml_1pack","mod_bp_impulse_pna_glass_500_620ml_1pack","price",2021-12-26,0,0
"impulse_pna_glass_500_620ml_1pack","mod_bp_impulse_pna_glass_500_620ml_1pack","price",2021-10-17,0,0
"impulse_pna_glass_500_620ml_1pack","mod_bp_impulse_pna_glass_500_620ml_1pack","price",2022-03-27,-34918.0082250746,-34918.0082250746
"impulse_pna_glass_500_620ml_1pack","mod_bp_impulse_pna_glass_500_620ml_1pack","price",2023-12-17,-63226.6583690322,-63226.6583690322
"impulse_pna_glass_500_620ml_1pack","mod_bp_impulse_pna_glass_500_620ml_1pack","price",2021-08-08,0,0
"impulse_pna_glass_500_620ml_1pack","mod_bp_impulse_pna_glass_500_620ml_1pack","price",2022-04-24,-34918.0082250746,-34918.0082250746
"impulse_pna_glass_500_620ml_1pack","mod_bp_impulse_pna_glass_500_620ml_1pack","price",2022-09-25,-34918.0082250746,-34918.0082250746
"impulse_pna_glass_500_620ml_1pack","mod_bp_impulse_pna_glass_500_620ml_1pack","price",2022-08-21,-34918.0082250746,-34918.0082250746
"impulse_pna_glass_500_620ml_1pack","mod_bp_impulse_pna_glass_500_620ml_1pack","price",2022-07-17,-34918.0082250746,-34918.0082250746
"impulse_pna_glass_500_620ml_1pack","mod_bp_impulse_pna_glass_500_620ml_1pack","price",2021-04-25,0,0
"impulse_pna_glass_500_620ml_1pack","mod_bp_impulse_pna_glass_500_620ml_1pack","price",2022-12-18,-34918.0082250746,-34918.0082250746
"impulse_pna_glass_500_620ml_1pack","mod_bp_impulse_pna_glass_500_620ml_1pack","price",2022-11-13,-34918.0082250746,-34918.0082250746
"impulse_pna_glass_500_620ml_1pack","mod_bp_impulse_pna_glass_500_620ml_1pack","price",2021-07-18,0,0
"impulse_pna_glass_500_620ml_1pack","mod_bp_impulse_pna_glass_500_620ml_1pack","price",2022-04-03,-34918.0082250746,-34918.0082250746
"impulse_pna_glass_500_620ml_1pack","mod_bp_impulse_pna_glass_500_620ml_1pack","price",2022-09-04,-34918.0082250746,-34918.0082250746
"impulse_pna_glass_500_620ml_1pack","mod_bp_impulse_pna_glass_500_620ml_1pack","price",2022-12-04,-34918.0082250746,-34918.0082250746
"impulse_pna_glass_500_620ml_1pack","mod_bp_impulse_pna_glass_500_620ml_1pack","price",2022-06-26,-34918.0082250746,-34918.0082250746
"impulse_pna_glass_500_620ml_1pack","mod_bp_impulse_pna_glass_500_620ml_1pack","price",2021-05-09,0,0
"impulse_pna_glass_500_620ml_1pack","mod_bp_impulse_pna_glass_500_620ml_1pack","price",2023-06-04,-50608.8417517801,-50608.8417517801
"impulse_pna_glass_500_620ml_1pack","mod_bp_impulse_pna_glass_500_620ml_1pack","price",2023-12-10,-63226.6583690322,-63226.6583690322
"impulse_pna_glass_500_620ml_1pack","mod_bp_impulse_pna_glass_500_620ml_1pack","price",2021-08-01,0,0
"impulse_pna_glass_500_620ml_1pack","mod_bp_impulse_pna_glass_500_620ml_1pack","price",2022-04-17,-34918.0082250746,-34918.0082250746
"impulse_pna_glass_500_620ml_1pack","mod_bp_impulse_pna_glass_500_620ml_1pack","price",2022-10-23,-34918.0082250746,-34918.0082250746
"impulse_pna_glass_500_620ml_1pack","mod_bp_impulse_pna_glass_500_620ml_1pack","price",2023-08-27,-63226.6583690322,-63226.6583690322
"impulse_pna_glass_500_620ml_1pack","mod_bp_impulse_pna_glass_500_620ml_1pack","price",2022-01-02,0,0
"impulse_pna_glass_500_620ml_1pack","mod_bp_impulse_pna_glass_500_620ml_1pack","price",2021-10-24,0,0
"impulse_pna_glass_500_620ml_1pack","mod_bp_impulse_pna_glass_500_620ml_1pack","price",2022-12-11,-34918.0082250746,-34918.0082250746
"impulse_pna_glass_500_620ml_1pack","mod_bp_impulse_pna_glass_500_620ml_1pack","price",2023-12-24,-63226.6583690322,-63226.6583690322
"impulse_pna_glass_500_620ml_1pack","mod_bp_impulse_pna_glass_500_620ml_1pack","price",2021-08-15,0,0
"impulse_pna_glass_500_620ml_1pack","mod_bp_impulse_pna_glass_500_620ml_1pack","price",2022-05-01,-34918.0082250746,-34918.0082250746
"impulse_pna_glass_500_620ml_1pack","mod_bp_impulse_pna_glass_500_620ml_1pack","price",2022-10-02,-34918.0082250746,-34918.0082250746
"impulse_pna_glass_500_620ml_1pack","mod_bp_impulse_pna_glass_500_620ml_1pack","price",2023-09-10,-63226.6583690322,-63226.6583690322
"impulse_pna_glass_500_620ml_1pack","mod_bp_impulse_pna_glass_500_620ml_1pack","price",2022-07-24,-34918.0082250746,-34918.0082250746
"impulse_pna_glass_500_620ml_1pack","mod_bp_impulse_pna_glass_500_620ml_1pack","price",2021-11-07,0,0
"impulse_pna_glass_500_620ml_1pack","mod_bp_impulse_pna_glass_500_620ml_1pack","price",2022-12-25,-34918.0082250746,-34918.0082250746
"impulse_pna_glass_500_620ml_1pack","mod_bp_impulse_pna_glass_500_620ml_1pack","price",2022-01-09,0,0
"impulse_pna_glass_500_620ml_1pack","mod_bp_impulse_pna_glass_500_620ml_1pack","price",2022-05-15,-34918.0082250746,-34918.0082250746
"impulse_pna_glass_500_620ml_1pack","mod_bp_impulse_pna_glass_500_620ml_1pack","price",2023-06-25,-50608.8417517801,-50608.8417517801
"impulse_pna_glass_500_620ml_1pack","mod_bp_impulse_pna_glass_500_620ml_1pack","price",2023-10-29,-63226.6583690322,-63226.6583690322
"impulse_pna_glass_500_620ml_1pack","mod_bp_impulse_pna_glass_500_620ml_1pack","price",2023-09-24,-63226.6583690322,-63226.6583690322
"impulse_pna_glass_500_620ml_1pack","mod_bp_impulse_pna_glass_500_620ml_1pack","price",2022-08-07,-34918.0082250746,-34918.0082250746
"impulse_pna_glass_500_620ml_1pack","mod_bp_impulse_pna_glass_500_620ml_1pack","price",2021-11-21,0,0
"impulse_pna_glass_500_620ml_1pack","mod_bp_impulse_pna_glass_500_620ml_1pack","price",2023-06-11,-50608.8417517801,-50608.8417517801
"impulse_pna_glass_500_620ml_1pack","mod_bp_impulse_pna_glass_500_620ml_1pack","price",2022-07-31,-34918.0082250746,-34918.0082250746
"impulse_pna_glass_500_620ml_1pack","mod_bp_impulse_pna_glass_500_620ml_1pack","price",2022-05-29,-34918.0082250746,-34918.0082250746
"impulse_pna_glass_500_620ml_1pack","mod_bp_impulse_pna_glass_500_620ml_1pack","price",2023-01-01,-34918.0082250746,-34918.0082250746
"impulse_pna_glass_500_620ml_1pack","mod_bp_impulse_pna_glass_500_620ml_1pack","price",2023-11-12,-63226.6583690322,-63226.6583690322
"impulse_pna_glass_500_620ml_1pack","mod_bp_impulse_pna_glass_500_620ml_1pack","price",2023-09-03,-63226.6583690322,-63226.6583690322
"impulse_pna_glass_500_620ml_1pack","mod_bp_impulse_pna_glass_500_620ml_1pack","price",2023-07-02,-50608.8417517801,-50608.8417517801
"impulse_pna_glass_500_620ml_1pack","mod_bp_impulse_pna_glass_500_620ml_1pack","price",2021-10-31,0,0
"impulse_pna_glass_500_620ml_1pack","mod_bp_impulse_pna_glass_500_620ml_1pack","price",2023-10-01,-63226.6583690322,-63226.6583690322
"impulse_pna_glass_500_620ml_1pack","mod_bp_impulse_pna_glass_500_620ml_1pack","price",2022-06-12,-34918.0082250746,-34918.0082250746
"impulse_pna_glass_500_620ml_1pack","mod_bp_impulse_pna_glass_500_620ml_1pack","price",2021-08-22,0,0
"impulse_pna_glass_500_620ml_1pack","mod_bp_impulse_pna_glass_500_620ml_1pack","price",2022-05-08,-34918.0082250746,-34918.0082250746
"impulse_pna_glass_500_620ml_1pack","mod_bp_impulse_pna_glass_500_620ml_1pack","price",2022-10-09,-34918.0082250746,-34918.0082250746
"impulse_pna_glass_500_620ml_1pack","mod_bp_impulse_pna_glass_500_620ml_1pack","price",2023-09-17,-63226.6583690322,-63226.6583690322
"impulse_pna_glass_500_620ml_1pack","mod_bp_impulse_pna_glass_500_620ml_1pack","price",2023-01-08,-34918.0082250746,-34918.0082250746
"impulse_pna_glass_500_620ml_1pack","mod_bp_impulse_pna_glass_500_620ml_1pack","price",2021-11-14,0,0
"impulse_pna_glass_500_620ml_1pack","mod_bp_impulse_pna_glass_500_620ml_1pack","price",2023-10-15,-63226.6583690322,-63226.6583690322
"impulse_pna_glass_500_620ml_1pack","mod_bp_impulse_pna_glass_500_620ml_1pack","price",2022-01-16,0,0
"impulse_pna_glass_500_620ml_1pack","mod_bp_impulse_pna_glass_500_620ml_1pack","price",2022-05-22,-34918.0082250746,-34918.0082250746
"impulse_pna_glass_500_620ml_1pack","mod_bp_impulse_pna_glass_500_620ml_1pack","price",2023-10-08,-63226.6583690322,-63226.6583690322
"impulse_pna_glass_500_620ml_1pack","mod_bp_impulse_pna_glass_500_620ml_1pack","price",2023-11-05,-63226.6583690322,-63226.6583690322
"impulse_pna_glass_500_620ml_1pack","mod_bp_impulse_pna_glass_500_620ml_1pack","price",2021-12-05,0,0
"impulse_pna_glass_500_620ml_1pack","mod_bp_impulse_pna_glass_500_620ml_1pack","price",2022-08-14,-34918.0082250746,-34918.0082250746
"impulse_pna_glass_500_620ml_1pack","mod_bp_impulse_pna_glass_500_620ml_1pack","price",2021-11-28,0,0
"impulse_pna_glass_500_620ml_1pack","mod_bp_impulse_pna_glass_500_620ml_1pack","price",2023-06-18,-50608.8417517801,-50608.8417517801
"impulse_pna_glass_500_620ml_1pack","mod_bp_impulse_pna_glass_500_620ml_1pack","price",2022-01-30,-30606.4195886563,-30606.4195886563
"impulse_pna_glass_500_620ml_1pack","mod_bp_impulse_pna_glass_500_620ml_1pack","price",2022-06-05,-34918.0082250746,-34918.0082250746
"impulse_pna_glass_500_620ml_1pack","mod_bp_impulse_pna_glass_500_620ml_1pack","price",2023-10-22,-63226.6583690322,-63226.6583690322
"impulse_pna_glass_500_620ml_1pack","mod_bp_impulse_pna_glass_500_620ml_1pack","price",2023-11-19,-63226.6583690322,-63226.6583690322
"impulse_pna_glass_500_620ml_1pack","mod_bp_impulse_pna_glass_500_620ml_1pack","price",2021-12-19,0,0
"impulse_pna_glass_500_620ml_1pack","mod_bp_impulse_pna_glass_500_620ml_1pack","price",2023-07-09,-50608.8417517801,-50608.8417517801
"impulse_pna_glass_500_620ml_1pack","mod_bp_impulse_pna_glass_500_620ml_1pack","price",2021-12-12,0,0
"impulse_pna_glass_500_620ml_1pack","mod_bp_impulse_pna_glass_500_620ml_1pack","price",2023-08-13,-59825.4309539417,-59825.4309539417
"impulse_pna_glass_500_620ml_1pack","mod_bp_impulse_pna_glass_500_620ml_1pack","price",2022-02-13,-34918.0082250746,-34918.0082250746
"impulse_pna_glass_500_620ml_1pack","mod_bp_impulse_pna_glass_500_620ml_1pack","price",2023-08-06,-56756.3082618559,-56756.3082618559
"impulse_pna_glass_500_620ml_1pack","mod_bp_impulse_pna_glass_500_620ml_1pack","price",2023-01-22,-34918.0082250746,-34918.0082250746
"impulse_pna_glass_500_620ml_1pack","mod_bp_impulse_pna_glass_500_620ml_1pack","price",2022-02-06,-34918.0082250746,-34918.0082250746
"impulse_pna_glass_500_620ml_1pack","mod_bp_impulse_pna_glass_500_620ml_1pack","price",2022-01-23,0,0
"impulse_pna_glass_500_620ml_1pack","mod_bp_impulse_pna_glass_500_620ml_1pack","price",2023-01-15,-34918.0082250746,-34918.0082250746
"impulse_pna_glass_500_620ml_1pack","mod_bp_impulse_pna_glass_500_620ml_1pack","price",2023-11-26,-63226.6583690322,-63226.6583690322
"impulse_pna_glass_500_620ml_1pack","mod_bp_impulse_pna_glass_500_620ml_1pack","price",2022-02-20,-34918.0082250746,-34918.0082250746
"impulse_pna_glass_500_620ml_1pack","mod_bp_impulse_pna_glass_500_620ml_1pack","price",2023-07-30,-52331.6602529729,-52331.6602529729
"impulse_pna_glass_500_620ml_1pack","mod_bp_impulse_pna_glass_500_620ml_1pack","price",2022-02-27,-34918.0082250746,-34918.0082250746
"impulse_pna_glass_500_620ml_1pack","mod_bp_impulse_pna_glass_500_620ml_1pack","price",2023-07-23,-50608.8417517801,-50608.8417517801
"impulse_pna_glass_500_620ml_1pack","mod_bp_impulse_pna_glass_500_620ml_1pack","price",2023-02-05,-34918.0082250746,-34918.0082250746
"impulse_pna_glass_500_620ml_1pack","mod_bp_impulse_pna_glass_500_620ml_1pack","price",2023-01-29,-34918.0082250746,-34918.0082250746
"impulse_pna_glass_500_620ml_1pack","mod_bp_impulse_pna_glass_500_620ml_1pack","price",2023-07-16,-50608.8417517801,-50608.8417517801
"impulse_pna_glass_500_620ml_1pack","mod_discount_impulse_pna_glass_500_620ml_1pack","promo",2021-09-05,0,0
"impulse_pna_glass_500_620ml_1pack","mod_discount_impulse_pna_glass_500_620ml_1pack","promo",2021-06-20,1739.2519677636,1739.2519677636
"impulse_pna_glass_500_620ml_1pack","mod_discount_impulse_pna_glass_500_620ml_1pack","promo",2021-09-12,0,0
"impulse_pna_glass_500_620ml_1pack","mod_discount_impulse_pna_glass_500_620ml_1pack","promo",2023-02-12,4095.45095764483,4095.45095764483
"impulse_pna_glass_500_620ml_1pack","mod_discount_impulse_pna_glass_500_620ml_1pack","promo",2021-09-19,0,0
"impulse_pna_glass_500_620ml_1pack","mod_discount_impulse_pna_glass_500_620ml_1pack","promo",2021-07-25,1639.42618233913,1639.42618233913
"impulse_pna_glass_500_620ml_1pack","mod_discount_impulse_pna_glass_500_620ml_1pack","promo",2021-08-29,0,0
"impulse_pna_glass_500_620ml_1pack","mod_discount_impulse_pna_glass_500_620ml_1pack","promo",2021-02-14,0,0
"impulse_pna_glass_500_620ml_1pack","mod_discount_impulse_pna_glass_500_620ml_1pack","promo",2021-07-04,0,0
"impulse_pna_glass_500_620ml_1pack","mod_discount_impulse_pna_glass_500_620ml_1pack","promo",2021-08-08,1825.01484764287,1825.01484764287
"impulse_pna_glass_500_620ml_1pack","mod_discount_impulse_pna_glass_500_620ml_1pack","promo",2021-07-11,0,0
"impulse_pna_glass_500_620ml_1pack","mod_discount_impulse_pna_glass_500_620ml_1pack","promo",2021-06-27,1487.68699518271,1487.68699518271
"impulse_pna_glass_500_620ml_1pack","mod_discount_impulse_pna_glass_500_620ml_1pack","promo",2021-10-03,0,0
"impulse_pna_glass_500_620ml_1pack","mod_discount_impulse_pna_glass_500_620ml_1pack","promo",2021-02-21,0,0
"impulse_pna_glass_500_620ml_1pack","mod_discount_impulse_pna_glass_500_620ml_1pack","promo",2023-02-19,4442.9423088853,4442.9423088853
"impulse_pna_glass_500_620ml_1pack","mod_discount_impulse_pna_glass_500_620ml_1pack","promo",2021-05-16,1012.3245539098,1012.3245539098
"impulse_pna_glass_500_620ml_1pack","mod_discount_impulse_pna_glass_500_620ml_1pack","promo",2022-08-14,9093.46530645589,9093.46530645589
"impulse_pna_glass_500_620ml_1pack","mod_discount_impulse_pna_glass_500_620ml_1pack","promo",2021-07-18,983.494933571164,983.494933571164
"impulse_pna_glass_500_620ml_1pack","mod_discount_impulse_pna_glass_500_620ml_1pack","promo",2022-08-07,10449.409905042,10449.409905042
"impulse_pna_glass_500_620ml_1pack","mod_discount_impulse_pna_glass_500_620ml_1pack","promo",2021-02-07,465.81524984982,465.81524984982
"impulse_pna_glass_500_620ml_1pack","mod_discount_impulse_pna_glass_500_620ml_1pack","promo",2021-04-11,2694.86521814905,2694.86521814905
"impulse_pna_glass_500_620ml_1pack","mod_discount_impulse_pna_glass_500_620ml_1pack","promo",2021-01-31,1788.75918605823,1788.75918605823
"impulse_pna_glass_500_620ml_1pack","mod_discount_impulse_pna_glass_500_620ml_1pack","promo",2023-03-05,4522.75980282384,4522.75980282384
"impulse_pna_glass_500_620ml_1pack","mod_discount_impulse_pna_glass_500_620ml_1pack","promo",2021-05-30,1429.18901686695,1429.18901686695
"impulse_pna_glass_500_620ml_1pack","mod_discount_impulse_pna_glass_500_620ml_1pack","promo",2021-02-28,736.270671330297,736.270671330297
"impulse_pna_glass_500_620ml_1pack","mod_discount_impulse_pna_glass_500_620ml_1pack","promo",2021-08-01,3006.82167202659,3006.82167202659
"impulse_pna_glass_500_620ml_1pack","mod_discount_impulse_pna_glass_500_620ml_1pack","promo",2021-05-23,1259.4086708455,1259.4086708455
"impulse_pna_glass_500_620ml_1pack","mod_discount_impulse_pna_glass_500_620ml_1pack","promo",2023-05-28,0,0
"impulse_pna_glass_500_620ml_1pack","mod_discount_impulse_pna_glass_500_620ml_1pack","promo",2021-09-26,855.003149230331,855.003149230331
"impulse_pna_glass_500_620ml_1pack","mod_discount_impulse_pna_glass_500_620ml_1pack","promo",2023-03-19,3402.41037030648,3402.41037030648
"impulse_pna_glass_500_620ml_1pack","mod_discount_impulse_pna_glass_500_620ml_1pack","promo",2021-01-17,2971.82601395966,2971.82601395966
"impulse_pna_glass_500_620ml_1pack","mod_discount_impulse_pna_glass_500_620ml_1pack","promo",2021-04-18,1598.88589224978,1598.88589224978
"impulse_pna_glass_500_620ml_1pack","mod_discount_impulse_pna_glass_500_620ml_1pack","promo",2022-01-30,0,0
"impulse_pna_glass_500_620ml_1pack","mod_discount_impulse_pna_glass_500_620ml_1pack","promo",2021-08-15,793.135636712078,793.135636712078
"impulse_pna_glass_500_620ml_1pack","mod_discount_impulse_pna_glass_500_620ml_1pack","promo",2021-06-06,1433.04811110751,1433.04811110751
"impulse_pna_glass_500_620ml_1pack","mod_discount_impulse_pna_glass_500_620ml_1pack","promo",2021-03-07,932.746682358503,932.746682358503
"impulse_pna_glass_500_620ml_1pack","mod_discount_impulse_pna_glass_500_620ml_1pack","promo",2021-10-10,0,0
"impulse_pna_glass_500_620ml_1pack","mod_discount_impulse_pna_glass_500_620ml_1pack","promo",2022-07-24,10418.2850792742,10418.2850792742
"impulse_pna_glass_500_620ml_1pack","mod_discount_impulse_pna_glass_500_620ml_1pack","promo",2023-02-26,4859.35930282242,4859.35930282242
"impulse_pna_glass_500_620ml_1pack","mod_discount_impulse_pna_glass_500_620ml_1pack","promo",2021-05-02,1516.04069060179,1516.04069060179
"impulse_pna_glass_500_620ml_1pack","mod_discount_impulse_pna_glass_500_620ml_1pack","promo",2022-08-21,8064.41366340788,8064.41366340788
"impulse_pna_glass_500_620ml_1pack","mod_discount_impulse_pna_glass_500_620ml_1pack","promo",2022-11-20,10554.685706623,10554.685706623
"impulse_pna_glass_500_620ml_1pack","mod_discount_impulse_pna_glass_500_620ml_1pack","promo",2021-04-25,1214.3167410609,1214.3167410609
"impulse_pna_glass_500_620ml_1pack","mod_discount_impulse_pna_glass_500_620ml_1pack","promo",2021-03-21,1083.62401145807,1083.62401145807
"impulse_pna_glass_500_620ml_1pack","mod_discount_impulse_pna_glass_500_620ml_1pack","promo",2022-10-16,9811.9055111439,9811.9055111439
"impulse_pna_glass_500_620ml_1pack","mod_discount_impulse_pna_glass_500_620ml_1pack","promo",2021-06-13,2496.66489817589,2496.66489817589
"impulse_pna_glass_500_620ml_1pack","mod_discount_impulse_pna_glass_500_620ml_1pack","promo",2023-03-12,3450.08538437045,3450.08538437045
"impulse_pna_glass_500_620ml_1pack","mod_discount_impulse_pna_glass_500_620ml_1pack","promo",2021-10-17,0,0
"impulse_pna_glass_500_620ml_1pack","mod_discount_impulse_pna_glass_500_620ml_1pack","promo",2022-07-31,10755.7094446603,10755.7094446603
"impulse_pna_glass_500_620ml_1pack","mod_discount_impulse_pna_glass_500_620ml_1pack","promo",2022-10-30,9465.79984364404,9465.79984364404
"impulse_pna_glass_500_620ml_1pack","mod_discount_impulse_pna_glass_500_620ml_1pack","promo",2023-04-02,3713.31134744414,3713.31134744414
"impulse_pna_glass_500_620ml_1pack","mod_discount_impulse_pna_glass_500_620ml_1pack","promo",2023-06-04,0,0
"impulse_pna_glass_500_620ml_1pack","mod_discount_impulse_pna_glass_500_620ml_1pack","promo",2022-09-25,8720.43514109059,8720.43514109059
"impulse_pna_glass_500_620ml_1pack","mod_discount_impulse_pna_glass_500_620ml_1pack","promo",2023-03-26,3404.66040199516,3404.66040199516
"impulse_pna_glass_500_620ml_1pack","mod_discount_impulse_pna_glass_500_620ml_1pack","promo",2021-01-24,2049.41475144109,2049.41475144109
"impulse_pna_glass_500_620ml_1pack","mod_discount_impulse_pna_glass_500_620ml_1pack","promo",2022-10-23,9096.10376117308,9096.10376117308
"impulse_pna_glass_500_620ml_1pack","mod_discount_impulse_pna_glass_500_620ml_1pack","promo",2022-02-06,0,0
"impulse_pna_glass_500_620ml_1pack","mod_discount_impulse_pna_glass_500_620ml_1pack","promo",2021-08-22,0,0
"impulse_pna_glass_500_620ml_1pack","mod_discount_impulse_pna_glass_500_620ml_1pack","promo",2021-10-24,0,0
"impulse_pna_glass_500_620ml_1pack","mod_discount_impulse_pna_glass_500_620ml_1pack","promo",2021-03-14,1764.07464175039,1764.07464175039
"impulse_pna_glass_500_620ml_1pack","mod_discount_impulse_pna_glass_500_620ml_1pack","promo",2022-11-06,9352.51465487681,9352.51465487681
"impulse_pna_glass_500_620ml_1pack","mod_discount_impulse_pna_glass_500_620ml_1pack","promo",2023-04-09,3072.58621998477,3072.58621998477
"impulse_pna_glass_500_620ml_1pack","mod_discount_impulse_pna_glass_500_620ml_1pack","promo",2021-01-03,1738.50642319605,1738.50642319605
"impulse_pna_glass_500_620ml_1pack","mod_discount_impulse_pna_glass_500_620ml_1pack","promo",2021-05-09,1115.53493145025,1115.53493145025
"impulse_pna_glass_500_620ml_1pack","mod_discount_impulse_pna_glass_500_620ml_1pack","promo",2022-08-28,6433.34142177176,6433.34142177176
"impulse_pna_glass_500_620ml_1pack","mod_discount_impulse_pna_glass_500_620ml_1pack","promo",2022-11-27,10393.2335724288,10393.2335724288
"impulse_pna_glass_500_620ml_1pack","mod_discount_impulse_pna_glass_500_620ml_1pack","promo",2021-11-07,1042.16032742913,1042.16032742913
"impulse_pna_glass_500_620ml_1pack","mod_discount_impulse_pna_glass_500_620ml_1pack","promo",2021-03-28,1832.98581936478,1832.98581936478
"impulse_pna_glass_500_620ml_1pack","mod_discount_impulse_pna_glass_500_620ml_1pack","promo",2022-12-25,9324.65040092956,9324.65040092956
"impulse_pna_glass_500_620ml_1pack","mod_discount_impulse_pna_glass_500_620ml_1pack","promo",2023-04-23,2691.00031416233,2691.00031416233
"impulse_pna_glass_500_620ml_1pack","mod_discount_impulse_pna_glass_500_620ml_1pack","promo",2022-05-15,10060.0638382867,10060.0638382867
"impulse_pna_glass_500_620ml_1pack","mod_discount_impulse_pna_glass_500_620ml_1pack","promo",2023-12-03,0,0
"impulse_pna_glass_500_620ml_1pack","mod_discount_impulse_pna_glass_500_620ml_1pack","promo",2022-09-11,6434.04582385125,6434.04582385125
"impulse_pna_glass_500_620ml_1pack","mod_discount_impulse_pna_glass_500_620ml_1pack","promo",2021-12-26,0,0
"impulse_pna_glass_500_620ml_1pack","mod_discount_impulse_pna_glass_500_620ml_1pack","promo",2021-11-21,0,0
"impulse_pna_glass_500_620ml_1pack","mod_discount_impulse_pna_glass_500_620ml_1pack","promo",2023-06-11,0,0
"impulse_pna_glass_500_620ml_1pack","mod_discount_impulse_pna_glass_500_620ml_1pack","promo",2022-10-02,8738.61383680331,8738.61383680331
"impulse_pna_glass_500_620ml_1pack","mod_discount_impulse_pna_glass_500_620ml_1pack","promo",2023-05-07,3681.50701850892,3681.50701850892
"impulse_pna_glass_500_620ml_1pack","mod_discount_impulse_pna_glass_500_620ml_1pack","promo",2022-05-29,9814.37643175264,9814.37643175264
"impulse_pna_glass_500_620ml_1pack","mod_discount_impulse_pna_glass_500_620ml_1pack","promo",2023-12-17,0,0
"impulse_pna_glass_500_620ml_1pack","mod_discount_impulse_pna_glass_500_620ml_1pack","promo",2022-02-13,0,0
"impulse_pna_glass_500_620ml_1pack","mod_discount_impulse_pna_glass_500_620ml_1pack","promo",2022-07-17,10116.6802888126,10116.6802888126
"impulse_pna_glass_500_620ml_1pack","mod_discount_impulse_pna_glass_500_620ml_1pack","promo",2021-10-31,0,0
"impulse_pna_glass_500_620ml_1pack","mod_discount_impulse_pna_glass_500_620ml_1pack","promo",2023-06-25,0,0
"impulse_pna_glass_500_620ml_1pack","mod_discount_impulse_pna_glass_500_620ml_1pack","promo",2022-11-13,10047.6028813185,10047.6028813185
"impulse_pna_glass_500_620ml_1pack","mod_discount_impulse_pna_glass_500_620ml_1pack","promo",2023-04-16,3243.44670452568,3243.44670452568
"impulse_pna_glass_500_620ml_1pack","mod_discount_impulse_pna_glass_500_620ml_1pack","promo",2021-01-10,2416.64845007316,2416.64845007316
"impulse_pna_glass_500_620ml_1pack","mod_discount_impulse_pna_glass_500_620ml_1pack","promo",2022-10-09,8799.58463278779,8799.58463278779
"impulse_pna_glass_500_620ml_1pack","mod_discount_impulse_pna_glass_500_620ml_1pack","promo",2022-09-04,3618.18884794614,3618.18884794614
"impulse_pna_glass_500_620ml_1pack","mod_discount_impulse_pna_glass_500_620ml_1pack","promo",2022-12-04,10262.7542620724,10262.7542620724
"impulse_pna_glass_500_620ml_1pack","mod_discount_impulse_pna_glass_500_620ml_1pack","promo",2021-11-14,1601.23694238177,1601.23694238177
"impulse_pna_glass_500_620ml_1pack","mod_discount_impulse_pna_glass_500_620ml_1pack","promo",2021-04-04,1743.01419337953,1743.01419337953
"impulse_pna_glass_500_620ml_1pack","mod_discount_impulse_pna_glass_500_620ml_1pack","promo",2023-01-01,8122.33801821572,8122.33801821572
"impulse_pna_glass_500_620ml_1pack","mod_discount_impulse_pna_glass_500_620ml_1pack","promo",2023-04-30,2962.67459667246,2962.67459667246
"impulse_pna_glass_500_620ml_1pack","mod_discount_impulse_pna_glass_500_620ml_1pack","promo",2022-05-22,9496.78582833543,9496.78582833543
"impulse_pna_glass_500_620ml_1pack","mod_discount_impulse_pna_glass_500_620ml_1pack","promo",2023-12-10,0,0
"impulse_pna_glass_500_620ml_1pack","mod_discount_impulse_pna_glass_500_620ml_1pack","promo",2022-09-18,8261.44385307933,8261.44385307933
"impulse_pna_glass_500_620ml_1pack","mod_discount_impulse_pna_glass_500_620ml_1pack","promo",2022-01-02,0,0
"impulse_pna_glass_500_620ml_1pack","mod_discount_impulse_pna_glass_500_620ml_1pack","promo",2021-11-28,0,0
"impulse_pna_glass_500_620ml_1pack","mod_discount_impulse_pna_glass_500_620ml_1pack","promo",2023-06-18,0,0
"impulse_pna_glass_500_620ml_1pack","mod_discount_impulse_pna_glass_500_620ml_1pack","promo",2022-12-11,11017.4149141694,11017.4149141694
"impulse_pna_glass_500_620ml_1pack","mod_discount_impulse_pna_glass_500_620ml_1pack","promo",2023-05-14,0,0
"impulse_pna_glass_500_620ml_1pack","mod_discount_impulse_pna_glass_500_620ml_1pack","promo",2022-06-05,8633.68993984647,8633.68993984647
"impulse_pna_glass_500_620ml_1pack","mod_discount_impulse_pna_glass_500_620ml_1pack","promo",2023-12-24,0,0
"impulse_pna_glass_500_620ml_1pack","mod_discount_impulse_pna_glass_500_620ml_1pack","promo",2022-02-20,3992.53794425441,3992.53794425441
"impulse_pna_glass_500_620ml_1pack","mod_discount_impulse_pna_glass_500_620ml_1pack","promo",2022-01-16,0,0
"impulse_pna_glass_500_620ml_1pack","mod_discount_impulse_pna_glass_500_620ml_1pack","promo",2021-12-12,0,0
"impulse_pna_glass_500_620ml_1pack","mod_discount_impulse_pna_glass_500_620ml_1pack","promo",2023-07-02,0,0
"impulse_pna_glass_500_620ml_1pack","mod_discount_impulse_pna_glass_500_620ml_1pack","promo",2022-06-19,10507.5882287531,10507.5882287531
"impulse_pna_glass_500_620ml_1pack","mod_discount_impulse_pna_glass_500_620ml_1pack","promo",2021-12-05,0,0
"impulse_pna_glass_500_620ml_1pack","mod_discount_impulse_pna_glass_500_620ml_1pack","promo",2023-01-22,8247.89599931554,8247.89599931554
"impulse_pna_glass_500_620ml_1pack","mod_discount_impulse_pna_glass_500_620ml_1pack","promo",2022-12-18,11036.2133556605,11036.2133556605
"impulse_pna_glass_500_620ml_1pack","mod_discount_impulse_pna_glass_500_620ml_1pack","promo",2022-03-06,6672.16218261794,6672.16218261794
"impulse_pna_glass_500_620ml_1pack","mod_discount_impulse_pna_glass_500_620ml_1pack","promo",2023-10-29,0,0
"impulse_pna_glass_500_620ml_1pack","mod_discount_impulse_pna_glass_500_620ml_1pack","promo",2023-09-24,0,0
"impulse_pna_glass_500_620ml_1pack","mod_discount_impulse_pna_glass_500_620ml_1pack","promo",2023-01-08,7963.31423934718,7963.31423934718
"impulse_pna_glass_500_620ml_1pack","mod_discount_impulse_pna_glass_500_620ml_1pack","promo",2022-07-03,8736.25258997399,8736.25258997399
"impulse_pna_glass_500_620ml_1pack","mod_discount_impulse_pna_glass_500_620ml_1pack","promo",2021-12-19,0,0
"impulse_pna_glass_500_620ml_1pack","mod_discount_impulse_pna_glass_500_620ml_1pack","promo",2023-07-09,0,0
"impulse_pna_glass_500_620ml_1pack","mod_discount_impulse_pna_glass_500_620ml_1pack","promo",2022-06-26,10186.7649165836,10186.7649165836
"impulse_pna_glass_500_620ml_1pack","mod_discount_impulse_pna_glass_500_620ml_1pack","promo",2022-03-20,8973.48717155415,8973.48717155415
"impulse_pna_glass_500_620ml_1pack","mod_discount_impulse_pna_glass_500_620ml_1pack","promo",2022-01-09,0,0
"impulse_pna_glass_500_620ml_1pack","mod_discount_impulse_pna_glass_500_620ml_1pack","promo",2023-11-12,0,0
"impulse_pna_glass_500_620ml_1pack","mod_discount_impulse_pna_glass_500_620ml_1pack","promo",2022-03-13,8037.65705534963,8037.65705534963
"impulse_pna_glass_500_620ml_1pack","mod_discount_impulse_pna_glass_500_620ml_1pack","promo",2023-11-05,0,0
"impulse_pna_glass_500_620ml_1pack","mod_discount_impulse_pna_glass_500_620ml_1pack","promo",2023-05-21,0,0
"impulse_pna_glass_500_620ml_1pack","mod_discount_impulse_pna_glass_500_620ml_1pack","promo",2022-06-12,10172.7404265028,10172.7404265028
"impulse_pna_glass_500_620ml_1pack","mod_discount_impulse_pna_glass_500_620ml_1pack","promo",2022-05-08,10644.9420101698,10644.9420101698
"impulse_pna_glass_500_620ml_1pack","mod_discount_impulse_pna_glass_500_620ml_1pack","promo",2022-02-27,6600.59417251791,6600.59417251791
"impulse_pna_glass_500_620ml_1pack","mod_discount_impulse_pna_glass_500_620ml_1pack","promo",2022-01-23,0,0
"impulse_pna_glass_500_620ml_1pack","mod_discount_impulse_pna_glass_500_620ml_1pack","promo",2023-11-26,0,0
"impulse_pna_glass_500_620ml_1pack","mod_discount_impulse_pna_glass_500_620ml_1pack","promo",2022-03-27,9559.09701575377,9559.09701575377
"impulse_pna_glass_500_620ml_1pack","mod_discount_impulse_pna_glass_500_620ml_1pack","promo",2023-11-19,0,0
"impulse_pna_glass_500_620ml_1pack","mod_discount_impulse_pna_glass_500_620ml_1pack","promo",2023-10-15,0,0
"impulse_pna_glass_500_620ml_1pack","mod_discount_impulse_pna_glass_500_620ml_1pack","promo",2023-01-29,5646.73036712199,5646.73036712199
"impulse_pna_glass_500_620ml_1pack","mod_discount_impulse_pna_glass_500_620ml_1pack","promo",2023-08-06,0,0
"impulse_pna_glass_500_620ml_1pack","mod_discount_impulse_pna_glass_500_620ml_1pack","promo",2023-10-08,0,0
"impulse_pna_glass_500_620ml_1pack","mod_discount_impulse_pna_glass_500_620ml_1pack","promo",2023-07-30,0,0
"impulse_pna_glass_500_620ml_1pack","mod_discount_impulse_pna_glass_500_620ml_1pack","promo",2023-10-01,0,0
"impulse_pna_glass_500_620ml_1pack","mod_discount_impulse_pna_glass_500_620ml_1pack","promo",2023-01-15,7852.63418818144,7852.63418818144
"impulse_pna_glass_500_620ml_1pack","mod_discount_impulse_pna_glass_500_620ml_1pack","promo",2022-07-10,10407.8146124778,10407.8146124778
"impulse_pna_glass_500_620ml_1pack","mod_discount_impulse_pna_glass_500_620ml_1pack","promo",2023-08-27,0,0
"impulse_pna_glass_500_620ml_1pack","mod_discount_impulse_pna_glass_500_620ml_1pack","promo",2023-07-16,0,0
"impulse_pna_glass_500_620ml_1pack","mod_discount_impulse_pna_glass_500_620ml_1pack","promo",2023-08-20,0,0
"impulse_pna_glass_500_620ml_1pack","mod_discount_impulse_pna_glass_500_620ml_1pack","promo",2023-10-22,0,0
"impulse_pna_glass_500_620ml_1pack","mod_discount_impulse_pna_glass_500_620ml_1pack","promo",2023-02-05,4480.24313194624,4480.24313194624
"impulse_pna_glass_500_620ml_1pack","mod_discount_impulse_pna_glass_500_620ml_1pack","promo",2023-08-13,0,0
"impulse_pna_glass_500_620ml_1pack","mod_discount_impulse_pna_glass_500_620ml_1pack","promo",2022-04-24,10927.8420264762,10927.8420264762
"impulse_pna_glass_500_620ml_1pack","mod_discount_impulse_pna_glass_500_620ml_1pack","promo",2022-04-10,11097.2364393603,11097.2364393603
"impulse_pna_glass_500_620ml_1pack","mod_discount_impulse_pna_glass_500_620ml_1pack","promo",2023-09-10,0,0
"impulse_pna_glass_500_620ml_1pack","mod_discount_impulse_pna_glass_500_620ml_1pack","promo",2022-04-17,11323.5644674838,11323.5644674838
"impulse_pna_glass_500_620ml_1pack","mod_discount_impulse_pna_glass_500_620ml_1pack","promo",2023-09-03,0,0
"impulse_pna_glass_500_620ml_1pack","mod_discount_impulse_pna_glass_500_620ml_1pack","promo",2023-09-17,0,0
"impulse_pna_glass_500_620ml_1pack","mod_discount_impulse_pna_glass_500_620ml_1pack","promo",2023-07-23,0,0
"impulse_pna_glass_500_620ml_1pack","mod_discount_impulse_pna_glass_500_620ml_1pack","promo",2022-05-01,12264.5732017031,12264.5732017031
"impulse_pna_glass_500_620ml_1pack","mod_discount_impulse_pna_glass_500_620ml_1pack","promo",2022-04-03,9803.71365050193,9803.71365050193
"impulse_pna_glass_500_620ml_1pack","mod_dist_impulse_pna_glass_500_620ml_1pack","distribution",2021-10-03,52219.487945339,52219.487945339
"impulse_pna_glass_500_620ml_1pack","mod_dist_impulse_pna_glass_500_620ml_1pack","distribution",2021-08-08,61518.0496839794,61518.0496839794
"impulse_pna_glass_500_620ml_1pack","mod_dist_impulse_pna_glass_500_620ml_1pack","distribution",2022-12-11,28808.1308681468,28808.1308681468
"impulse_pna_glass_500_620ml_1pack","mod_dist_impulse_pna_glass_500_620ml_1pack","distribution",2021-10-10,54472.0148772376,54472.0148772376
"impulse_pna_glass_500_620ml_1pack","mod_dist_impulse_pna_glass_500_620ml_1pack","distribution",2022-12-04,27345.2536267896,27345.2536267896
"impulse_pna_glass_500_620ml_1pack","mod_dist_impulse_pna_glass_500_620ml_1pack","distribution",2021-05-23,65410.8332591943,65410.8332591943
"impulse_pna_glass_500_620ml_1pack","mod_dist_impulse_pna_glass_500_620ml_1pack","distribution",2021-07-25,64199.4787510329,64199.4787510329
"impulse_pna_glass_500_620ml_1pack","mod_dist_impulse_pna_glass_500_620ml_1pack","distribution",2021-05-16,63725.6619455602,63725.6619455602
"impulse_pna_glass_500_620ml_1pack","mod_dist_impulse_pna_glass_500_620ml_1pack","distribution",2021-06-20,68381.031877815,68381.031877815
"impulse_pna_glass_500_620ml_1pack","mod_dist_impulse_pna_glass_500_620ml_1pack","distribution",2022-12-18,29317.1894697808,29317.1894697808
"impulse_pna_glass_500_620ml_1pack","mod_dist_impulse_pna_glass_500_620ml_1pack","distribution",2022-09-11,0,0
"impulse_pna_glass_500_620ml_1pack","mod_dist_impulse_pna_glass_500_620ml_1pack","distribution",2022-08-07,53340.8682587618,53340.8682587618
"impulse_pna_glass_500_620ml_1pack","mod_dist_impulse_pna_glass_500_620ml_1pack","distribution",2021-08-15,57856.5305127979,57856.5305127979
"impulse_pna_glass_500_620ml_1pack","mod_dist_impulse_pna_glass_500_620ml_1pack","distribution",2021-06-06,67783.2202015314,67783.2202015314
"impulse_pna_glass_500_620ml_1pack","mod_dist_impulse_pna_glass_500_620ml_1pack","distribution",2021-10-17,54263.5565446162,54263.5565446162
"impulse_pna_glass_500_620ml_1pack","mod_dist_impulse_pna_glass_500_620ml_1pack","distribution",2021-05-30,70514.8074160106,70514.8074160106
"impulse_pna_glass_500_620ml_1pack","mod_dist_impulse_pna_glass_500_620ml_1pack","distribution",2021-07-04,67459.5183587366,67459.5183587366
"impulse_pna_glass_500_620ml_1pack","mod_dist_impulse_pna_glass_500_620ml_1pack","distribution",2021-08-01,60174.8226560347,60174.8226560347
"impulse_pna_glass_500_620ml_1pack","mod_dist_impulse_pna_glass_500_620ml_1pack","distribution",2023-05-28,56326.5713363054,56326.5713363054
"impulse_pna_glass_500_620ml_1pack","mod_dist_impulse_pna_glass_500_620ml_1pack","distribution",2022-12-25,28001.1892190506,28001.1892190506
"impulse_pna_glass_500_620ml_1pack","mod_dist_impulse_pna_glass_500_620ml_1pack","distribution",2021-08-29,57658.0055502951,57658.0055502951
"impulse_pna_glass_500_620ml_1pack","mod_dist_impulse_pna_glass_500_620ml_1pack","distribution",2023-06-25,55737.5119863533,55737.5119863533
"impulse_pna_glass_500_620ml_1pack","mod_dist_impulse_pna_glass_500_620ml_1pack","distribution",2022-08-14,48294.0810532995,48294.0810532995
"impulse_pna_glass_500_620ml_1pack","mod_dist_impulse_pna_glass_500_620ml_1pack","distribution",2021-08-22,56524.5135024669,56524.5135024669
"impulse_pna_glass_500_620ml_1pack","mod_dist_impulse_pna_glass_500_620ml_1pack","distribution",2021-06-13,69884.3610759977,69884.3610759977
"impulse_pna_glass_500_620ml_1pack","mod_dist_impulse_pna_glass_500_620ml_1pack","distribution",2021-10-24,54772.2575980391,54772.2575980391
"impulse_pna_glass_500_620ml_1pack","mod_dist_impulse_pna_glass_500_620ml_1pack","distribution",2023-06-11,57483.8433579653,57483.8433579653
"impulse_pna_glass_500_620ml_1pack","mod_dist_impulse_pna_glass_500_620ml_1pack","distribution",2021-07-11,67547.4764257838,67547.4764257838
"impulse_pna_glass_500_620ml_1pack","mod_dist_impulse_pna_glass_500_620ml_1pack","distribution",2022-10-30,15087.7865782515,15087.7865782515
"impulse_pna_glass_500_620ml_1pack","mod_dist_impulse_pna_glass_500_620ml_1pack","distribution",2023-06-04,55212.8972611664,55212.8972611664
"impulse_pna_glass_500_620ml_1pack","mod_dist_impulse_pna_glass_500_620ml_1pack","distribution",2023-01-01,29059.4633596206,29059.4633596206
"impulse_pna_glass_500_620ml_1pack","mod_dist_impulse_pna_glass_500_620ml_1pack","distribution",2021-09-05,59621.3735145127,59621.3735145127
"impulse_pna_glass_500_620ml_1pack","mod_dist_impulse_pna_glass_500_620ml_1pack","distribution",2021-06-27,67624.9702324248,67624.9702324248
"impulse_pna_glass_500_620ml_1pack","mod_dist_impulse_pna_glass_500_620ml_1pack","distribution",2021-11-07,55376.0068440078,55376.0068440078
"impulse_pna_glass_500_620ml_1pack","mod_dist_impulse_pna_glass_500_620ml_1pack","distribution",2022-09-18,12105.289122009,12105.289122009
"impulse_pna_glass_500_620ml_1pack","mod_dist_impulse_pna_glass_500_620ml_1pack","distribution",2023-04-23,48090.1868320426,48090.1868320426
"impulse_pna_glass_500_620ml_1pack","mod_dist_impulse_pna_glass_500_620ml_1pack","distribution",2023-02-12,40878.7402279145,40878.7402279145
"impulse_pna_glass_500_620ml_1pack","mod_dist_impulse_pna_glass_500_620ml_1pack","distribution",2023-06-18,55617.9868303164,55617.9868303164
"impulse_pna_glass_500_620ml_1pack","mod_dist_impulse_pna_glass_500_620ml_1pack","distribution",2021-01-17,60584.491063383,60584.491063383
"impulse_pna_glass_500_620ml_1pack","mod_dist_impulse_pna_glass_500_620ml_1pack","distribution",2022-11-06,17045.7382061315,17045.7382061315
"impulse_pna_glass_500_620ml_1pack","mod_dist_impulse_pna_glass_500_620ml_1pack","distribution",2023-07-16,55251.6553906798,55251.6553906798
"impulse_pna_glass_500_620ml_1pack","mod_dist_impulse_pna_glass_500_620ml_1pack","distribution",2023-01-08,29183.9558042756,29183.9558042756
"impulse_pna_glass_500_620ml_1pack","mod_dist_impulse_pna_glass_500_620ml_1pack","distribution",2022-08-28,26212.9472097952,26212.9472097952
"impulse_pna_glass_500_620ml_1pack","mod_dist_impulse_pna_glass_500_620ml_1pack","distribution",2022-07-24,51076.1233661156,51076.1233661156
"impulse_pna_glass_500_620ml_1pack","mod_dist_impulse_pna_glass_500_620ml_1pack","distribution",2023-02-26,40516.5936233158,40516.5936233158
"impulse_pna_glass_500_620ml_1pack","mod_dist_impulse_pna_glass_500_620ml_1pack","distribution",2023-07-02,55158.8307086162,55158.8307086162
"impulse_pna_glass_500_620ml_1pack","mod_dist_impulse_pna_glass_500_620ml_1pack","distribution",2022-08-21,38399.6462691218,38399.6462691218
"impulse_pna_glass_500_620ml_1pack","mod_dist_impulse_pna_glass_500_620ml_1pack","distribution",2022-11-20,24745.6159461918,24745.6159461918
"impulse_pna_glass_500_620ml_1pack","mod_dist_impulse_pna_glass_500_620ml_1pack","distribution",2023-07-30,52338.8667987318,52338.8667987318
"impulse_pna_glass_500_620ml_1pack","mod_dist_impulse_pna_glass_500_620ml_1pack","distribution",2021-10-31,55544.0704371745,55544.0704371745
"impulse_pna_glass_500_620ml_1pack","mod_dist_impulse_pna_glass_500_620ml_1pack","distribution",2022-10-16,15243.8190724635,15243.8190724635
"impulse_pna_glass_500_620ml_1pack","mod_dist_impulse_pna_glass_500_620ml_1pack","distribution",2021-07-18,68776.3524862535,68776.3524862535
"impulse_pna_glass_500_620ml_1pack","mod_dist_impulse_pna_glass_500_620ml_1pack","distribution",2023-03-12,42641.663188493,42641.663188493
"impulse_pna_glass_500_620ml_1pack","mod_dist_impulse_pna_glass_500_620ml_1pack","distribution",2022-09-04,5436.79408255289,5436.79408255289
"impulse_pna_glass_500_620ml_1pack","mod_dist_impulse_pna_glass_500_620ml_1pack","distribution",2022-07-31,52440.7219270049,52440.7219270049
"impulse_pna_glass_500_620ml_1pack","mod_dist_impulse_pna_glass_500_620ml_1pack","distribution",2021-09-12,58003.0504380609,58003.0504380609
"impulse_pna_glass_500_620ml_1pack","mod_dist_impulse_pna_glass_500_620ml_1pack","distribution",2023-05-07,52658.0728530142,52658.0728530142
"impulse_pna_glass_500_620ml_1pack","mod_dist_impulse_pna_glass_500_620ml_1pack","distribution",2021-11-14,53947.2637477703,53947.2637477703
"impulse_pna_glass_500_620ml_1pack","mod_dist_impulse_pna_glass_500_620ml_1pack","distribution",2022-09-25,7546.88742343636,7546.88742343636
"impulse_pna_glass_500_620ml_1pack","mod_dist_impulse_pna_glass_500_620ml_1pack","distribution",2023-04-30,50304.9094986965,50304.9094986965
"impulse_pna_glass_500_620ml_1pack","mod_dist_impulse_pna_glass_500_620ml_1pack","distribution",2023-02-19,37768.4870054982,37768.4870054982
"impulse_pna_glass_500_620ml_1pack","mod_dist_impulse_pna_glass_500_620ml_1pack","distribution",2022-10-23,13493.0305400999,13493.0305400999
"impulse_pna_glass_500_620ml_1pack","mod_dist_impulse_pna_glass_500_620ml_1pack","distribution",2021-01-24,62290.7726897291,62290.7726897291
"impulse_pna_glass_500_620ml_1pack","mod_dist_impulse_pna_glass_500_620ml_1pack","distribution",2022-11-13,23372.5955677497,23372.5955677497
"impulse_pna_glass_500_620ml_1pack","mod_dist_impulse_pna_glass_500_620ml_1pack","distribution",2023-07-23,51085.5248802524,51085.5248802524
"impulse_pna_glass_500_620ml_1pack","mod_dist_impulse_pna_glass_500_620ml_1pack","distribution",2023-01-15,32463.7339563351,32463.7339563351
"impulse_pna_glass_500_620ml_1pack","mod_dist_impulse_pna_glass_500_620ml_1pack","distribution",2021-09-19,58587.1987510716,58587.1987510716
"impulse_pna_glass_500_620ml_1pack","mod_dist_impulse_pna_glass_500_620ml_1pack","distribution",2023-05-14,52947.1753275949,52947.1753275949
"impulse_pna_glass_500_620ml_1pack","mod_dist_impulse_pna_glass_500_620ml_1pack","distribution",2023-03-05,40855.6550709305,40855.6550709305
"impulse_pna_glass_500_620ml_1pack","mod_dist_impulse_pna_glass_500_620ml_1pack","distribution",2023-07-09,51904.6139944328,51904.6139944328
"impulse_pna_glass_500_620ml_1pack","mod_dist_impulse_pna_glass_500_620ml_1pack","distribution",2021-01-03,52896.4812199879,52896.4812199879
"impulse_pna_glass_500_620ml_1pack","mod_dist_impulse_pna_glass_500_620ml_1pack","distribution",2022-11-27,28109.1197698302,28109.1197698302
"impulse_pna_glass_500_620ml_1pack","mod_dist_impulse_pna_glass_500_620ml_1pack","distribution",2023-08-06,54519.5205046124,54519.5205046124
"impulse_pna_glass_500_620ml_1pack","mod_dist_impulse_pna_glass_500_620ml_1pack","distribution",2022-06-19,58898.1505357136,58898.1505357136
"impulse_pna_glass_500_620ml_1pack","mod_dist_impulse_pna_glass_500_620ml_1pack","distribution",2021-05-02,63533.5402586839,63533.5402586839
"impulse_pna_glass_500_620ml_1pack","mod_dist_impulse_pna_glass_500_620ml_1pack","distribution",2021-03-28,69085.3236324594,69085.3236324594
"impulse_pna_glass_500_620ml_1pack","mod_dist_impulse_pna_glass_500_620ml_1pack","distribution",2023-03-19,43990.463719477,43990.463719477
"impulse_pna_glass_500_620ml_1pack","mod_dist_impulse_pna_glass_500_620ml_1pack","distribution",2022-04-10,51729.9378114606,51729.9378114606
"impulse_pna_glass_500_620ml_1pack","mod_dist_impulse_pna_glass_500_620ml_1pack","distribution",2022-03-06,43599.9684426356,43599.9684426356
"impulse_pna_glass_500_620ml_1pack","mod_dist_impulse_pna_glass_500_620ml_1pack","distribution",2023-10-29,52065.1929760934,52065.1929760934
"impulse_pna_glass_500_620ml_1pack","mod_dist_impulse_pna_glass_500_620ml_1pack","distribution",2023-08-20,54418.3459492004,54418.3459492004
"impulse_pna_glass_500_620ml_1pack","mod_dist_impulse_pna_glass_500_620ml_1pack","distribution",2021-11-21,51315.5935136649,51315.5935136649
"impulse_pna_glass_500_620ml_1pack","mod_dist_impulse_pna_glass_500_620ml_1pack","distribution",2022-10-02,8776.24753803379,8776.24753803379
"impulse_pna_glass_500_620ml_1pack","mod_dist_impulse_pna_glass_500_620ml_1pack","distribution",2021-03-07,66064.6769167834,66064.6769167834
"impulse_pna_glass_500_620ml_1pack","mod_dist_impulse_pna_glass_500_620ml_1pack","distribution",2023-04-02,46134.2213953392,46134.2213953392
"impulse_pna_glass_500_620ml_1pack","mod_dist_impulse_pna_glass_500_620ml_1pack","distribution",2022-04-24,54062.6453521887,54062.6453521887
"impulse_pna_glass_500_620ml_1pack","mod_dist_impulse_pna_glass_500_620ml_1pack","distribution",2022-03-20,51737.7985607876,51737.7985607876
"impulse_pna_glass_500_620ml_1pack","mod_dist_impulse_pna_glass_500_620ml_1pack","distribution",2022-07-17,55054.8843699417,55054.8843699417
"impulse_pna_glass_500_620ml_1pack","mod_dist_impulse_pna_glass_500_620ml_1pack","distribution",2023-09-03,57606.7742753891,57606.7742753891
"impulse_pna_glass_500_620ml_1pack","mod_dist_impulse_pna_glass_500_620ml_1pack","distribution",2023-01-22,34030.4513100245,34030.4513100245
"impulse_pna_glass_500_620ml_1pack","mod_dist_impulse_pna_glass_500_620ml_1pack","distribution",2021-09-26,58382.6792429364,58382.6792429364
"impulse_pna_glass_500_620ml_1pack","mod_dist_impulse_pna_glass_500_620ml_1pack","distribution",2023-05-21,54501.7708070918,54501.7708070918
"impulse_pna_glass_500_620ml_1pack","mod_dist_impulse_pna_glass_500_620ml_1pack","distribution",2023-04-16,48596.8980729361,48596.8980729361
"impulse_pna_glass_500_620ml_1pack","mod_dist_impulse_pna_glass_500_620ml_1pack","distribution",2022-10-09,9322.29222065353,9322.29222065353
"impulse_pna_glass_500_620ml_1pack","mod_dist_impulse_pna_glass_500_620ml_1pack","distribution",2021-01-10,55256.9925401077,55256.9925401077
"impulse_pna_glass_500_620ml_1pack","mod_dist_impulse_pna_glass_500_620ml_1pack","distribution",2021-04-11,70412.006631868,70412.006631868
"impulse_pna_glass_500_620ml_1pack","mod_dist_impulse_pna_glass_500_620ml_1pack","distribution",2023-08-13,54808.7888371412,54808.7888371412
"impulse_pna_glass_500_620ml_1pack","mod_dist_impulse_pna_glass_500_620ml_1pack","distribution",2022-06-26,47437.4677251405,47437.4677251405
"impulse_pna_glass_500_620ml_1pack","mod_dist_impulse_pna_glass_500_620ml_1pack","distribution",2021-05-09,62193.2327651868,62193.2327651868
"impulse_pna_glass_500_620ml_1pack","mod_dist_impulse_pna_glass_500_620ml_1pack","distribution",2021-04-04,70284.4930134699,70284.4930134699
"impulse_pna_glass_500_620ml_1pack","mod_dist_impulse_pna_glass_500_620ml_1pack","distribution",2023-03-26,44688.525299148,44688.525299148
"impulse_pna_glass_500_620ml_1pack","mod_dist_impulse_pna_glass_500_620ml_1pack","distribution",2022-04-17,55084.8759291369,55084.8759291369
"impulse_pna_glass_500_620ml_1pack","mod_dist_impulse_pna_glass_500_620ml_1pack","distribution",2022-03-13,42650.4237232236,42650.4237232236
"impulse_pna_glass_500_620ml_1pack","mod_dist_impulse_pna_glass_500_620ml_1pack","distribution",2023-11-05,49777.9775907073,49777.9775907073
"impulse_pna_glass_500_620ml_1pack","mod_dist_impulse_pna_glass_500_620ml_1pack","distribution",2023-08-27,55211.8002327591,55211.8002327591
"impulse_pna_glass_500_620ml_1pack","mod_dist_impulse_pna_glass_500_620ml_1pack","distribution",2021-11-28,44254.0515923417,44254.0515923417
"impulse_pna_glass_500_620ml_1pack","mod_dist_impulse_pna_glass_500_620ml_1pack","distribution",2021-04-18,69577.5571885974,69577.5571885974
"impulse_pna_glass_500_620ml_1pack","mod_dist_impulse_pna_glass_500_620ml_1pack","distribution",2021-03-14,66332.642280643,66332.642280643
"impulse_pna_glass_500_620ml_1pack","mod_dist_impulse_pna_glass_500_620ml_1pack","distribution",2023-04-09,47446.1886664162,47446.1886664162
"impulse_pna_glass_500_620ml_1pack","mod_dist_impulse_pna_glass_500_620ml_1pack","distribution",2022-05-01,55860.7881393894,55860.7881393894
"impulse_pna_glass_500_620ml_1pack","mod_dist_impulse_pna_glass_500_620ml_1pack","distribution",2022-03-27,53621.5303261798,53621.5303261798
"impulse_pna_glass_500_620ml_1pack","mod_dist_impulse_pna_glass_500_620ml_1pack","distribution",2023-11-19,51357.8493869207,51357.8493869207
"impulse_pna_glass_500_620ml_1pack","mod_dist_impulse_pna_glass_500_620ml_1pack","distribution",2023-09-10,57456.974611809,57456.974611809
"impulse_pna_glass_500_620ml_1pack","mod_dist_impulse_pna_glass_500_620ml_1pack","distribution",2023-01-29,36739.4441815057,36739.4441815057
"impulse_pna_glass_500_620ml_1pack","mod_dist_impulse_pna_glass_500_620ml_1pack","distribution",2023-11-12,49033.5074120688,49033.5074120688
"impulse_pna_glass_500_620ml_1pack","mod_dist_impulse_pna_glass_500_620ml_1pack","distribution",2023-10-08,53113.6923617878,53113.6923617878
"impulse_pna_glass_500_620ml_1pack","mod_dist_impulse_pna_glass_500_620ml_1pack","distribution",2021-02-21,66810.8447855099,66810.8447855099
"impulse_pna_glass_500_620ml_1pack","mod_dist_impulse_pna_glass_500_620ml_1pack","distribution",2022-05-15,54798.8098379802,54798.8098379802
"impulse_pna_glass_500_620ml_1pack","mod_dist_impulse_pna_glass_500_620ml_1pack","distribution",2021-03-21,67938.4897974673,67938.4897974673
"impulse_pna_glass_500_620ml_1pack","mod_dist_impulse_pna_glass_500_620ml_1pack","distribution",2023-12-03,49033.7341087401,49033.7341087401
"impulse_pna_glass_500_620ml_1pack","mod_dist_impulse_pna_glass_500_620ml_1pack","distribution",2023-09-24,50683.4692802913,50683.4692802913
"impulse_pna_glass_500_620ml_1pack","mod_dist_impulse_pna_glass_500_620ml_1pack","distribution",2022-07-03,55269.8727255299,55269.8727255299
"impulse_pna_glass_500_620ml_1pack","mod_dist_impulse_pna_glass_500_620ml_1pack","distribution",2023-11-26,50258.7459445867,50258.7459445867
"impulse_pna_glass_500_620ml_1pack","mod_dist_impulse_pna_glass_500_620ml_1pack","distribution",2023-09-17,52991.8719924876,52991.8719924876
"impulse_pna_glass_500_620ml_1pack","mod_dist_impulse_pna_glass_500_620ml_1pack","distribution",2021-01-31,64395.9110545933,64395.9110545933
"impulse_pna_glass_500_620ml_1pack","mod_dist_impulse_pna_glass_500_620ml_1pack","distribution",2022-05-29,52000.1467239534,52000.1467239534
"impulse_pna_glass_500_620ml_1pack","mod_dist_impulse_pna_glass_500_620ml_1pack","distribution",2023-10-15,52011.6524853609,52011.6524853609
"impulse_pna_glass_500_620ml_1pack","mod_dist_impulse_pna_glass_500_620ml_1pack","distribution",2021-02-28,64500.5811809361,64500.5811809361
"impulse_pna_glass_500_620ml_1pack","mod_dist_impulse_pna_glass_500_620ml_1pack","distribution",2022-05-22,54722.2628943264,54722.2628943264
"impulse_pna_glass_500_620ml_1pack","mod_dist_impulse_pna_glass_500_620ml_1pack","distribution",2021-12-05,42701.159597097,42701.159597097
"impulse_pna_glass_500_620ml_1pack","mod_dist_impulse_pna_glass_500_620ml_1pack","distribution",2021-04-25,66680.6004258452,66680.6004258452
"impulse_pna_glass_500_620ml_1pack","mod_dist_impulse_pna_glass_500_620ml_1pack","distribution",2023-10-01,52432.8128929768,52432.8128929768
"impulse_pna_glass_500_620ml_1pack","mod_dist_impulse_pna_glass_500_620ml_1pack","distribution",2021-02-14,64284.6575506891,64284.6575506891
"impulse_pna_glass_500_620ml_1pack","mod_dist_impulse_pna_glass_500_620ml_1pack","distribution",2022-05-08,54073.1885580812,54073.1885580812
"impulse_pna_glass_500_620ml_1pack","mod_dist_impulse_pna_glass_500_620ml_1pack","distribution",2022-04-03,50400.8982772183,50400.8982772183
"impulse_pna_glass_500_620ml_1pack","mod_dist_impulse_pna_glass_500_620ml_1pack","distribution",2021-02-07,61247.9694502148,61247.9694502148
"impulse_pna_glass_500_620ml_1pack","mod_dist_impulse_pna_glass_500_620ml_1pack","distribution",2022-06-05,54956.2681794135,54956.2681794135
"impulse_pna_glass_500_620ml_1pack","mod_dist_impulse_pna_glass_500_620ml_1pack","distribution",2023-02-05,37272.2098470728,37272.2098470728
"impulse_pna_glass_500_620ml_1pack","mod_dist_impulse_pna_glass_500_620ml_1pack","distribution",2023-12-24,45068.3605211205,45068.3605211205
"impulse_pna_glass_500_620ml_1pack","mod_dist_impulse_pna_glass_500_620ml_1pack","distribution",2022-01-23,51747.5875596501,51747.5875596501
"impulse_pna_glass_500_620ml_1pack","mod_dist_impulse_pna_glass_500_620ml_1pack","distribution",2021-12-12,47359.2431295495,47359.2431295495
"impulse_pna_glass_500_620ml_1pack","mod_dist_impulse_pna_glass_500_620ml_1pack","distribution",2023-12-17,44533.4355637235,44533.4355637235
"impulse_pna_glass_500_620ml_1pack","mod_dist_impulse_pna_glass_500_620ml_1pack","distribution",2022-02-20,40653.970599016,40653.970599016
"impulse_pna_glass_500_620ml_1pack","mod_dist_impulse_pna_glass_500_620ml_1pack","distribution",2023-12-10,47998.121185479,47998.121185479
"impulse_pna_glass_500_620ml_1pack","mod_dist_impulse_pna_glass_500_620ml_1pack","distribution",2022-02-13,39659.1353128888,39659.1353128888
"impulse_pna_glass_500_620ml_1pack","mod_dist_impulse_pna_glass_500_620ml_1pack","distribution",2022-07-10,56636.0115683818,56636.0115683818
"impulse_pna_glass_500_620ml_1pack","mod_dist_impulse_pna_glass_500_620ml_1pack","distribution",2022-06-12,58117.0583427351,58117.0583427351
"impulse_pna_glass_500_620ml_1pack","mod_dist_impulse_pna_glass_500_620ml_1pack","distribution",2022-02-06,39119.8666637875,39119.8666637875
"impulse_pna_glass_500_620ml_1pack","mod_dist_impulse_pna_glass_500_620ml_1pack","distribution",2021-12-26,45913.1001584503,45913.1001584503
"impulse_pna_glass_500_620ml_1pack","mod_dist_impulse_pna_glass_500_620ml_1pack","distribution",2022-01-30,49098.3438671828,49098.3438671828
"impulse_pna_glass_500_620ml_1pack","mod_dist_impulse_pna_glass_500_620ml_1pack","distribution",2023-10-22,54363.2697635517,54363.2697635517
"impulse_pna_glass_500_620ml_1pack","mod_dist_impulse_pna_glass_500_620ml_1pack","distribution",2021-12-19,50370.1908973304,50370.1908973304
"impulse_pna_glass_500_620ml_1pack","mod_dist_impulse_pna_glass_500_620ml_1pack","distribution",2022-01-09,41281.0826389996,41281.0826389996
"impulse_pna_glass_500_620ml_1pack","mod_dist_impulse_pna_glass_500_620ml_1pack","distribution",2022-02-27,39929.6938066171,39929.6938066171
"impulse_pna_glass_500_620ml_1pack","mod_dist_impulse_pna_glass_500_620ml_1pack","distribution",2022-01-16,48337.8021258079,48337.8021258079
"impulse_pna_glass_500_620ml_1pack","mod_dist_impulse_pna_glass_500_620ml_1pack","distribution",2022-01-02,43483.9021611566,43483.9021611566
"impulse_pna_glass_500_620ml_1pack","own_discount_impulse_peroni_nastro_azzurro_btl_330_ml_single","cannibal_promo",2023-02-26,-10213.8656033849,-10213.8656033849
"impulse_pna_glass_500_620ml_1pack","own_discount_impulse_peroni_nastro_azzurro_btl_330_ml_single","cannibal_promo",2023-02-12,-9076.99982202884,-9076.99982202884
"impulse_pna_glass_500_620ml_1pack","own_discount_impulse_peroni_nastro_azzurro_btl_330_ml_single","cannibal_promo",2021-07-25,0,0
"impulse_pna_glass_500_620ml_1pack","own_discount_impulse_peroni_nastro_azzurro_btl_330_ml_single","cannibal_promo",2023-02-19,-10911.1814689409,-10911.1814689409
"impulse_pna_glass_500_620ml_1pack","own_discount_impulse_peroni_nastro_azzurro_btl_330_ml_single","cannibal_promo",2021-10-24,0,0
"impulse_pna_glass_500_620ml_1pack","own_discount_impulse_peroni_nastro_azzurro_btl_330_ml_single","cannibal_promo",2021-11-21,0,0
"impulse_pna_glass_500_620ml_1pack","own_discount_impulse_peroni_nastro_azzurro_btl_330_ml_single","cannibal_promo",2021-10-17,0,0
"impulse_pna_glass_500_620ml_1pack","own_discount_impulse_peroni_nastro_azzurro_btl_330_ml_single","cannibal_promo",2023-03-05,-10926.2182560919,-10926.2182560919
"impulse_pna_glass_500_620ml_1pack","own_discount_impulse_peroni_nastro_azzurro_btl_330_ml_single","cannibal_promo",2021-11-14,0,0
"impulse_pna_glass_500_620ml_1pack","own_discount_impulse_peroni_nastro_azzurro_btl_330_ml_single","cannibal_promo",2021-10-10,0,0
"impulse_pna_glass_500_620ml_1pack","own_discount_impulse_peroni_nastro_azzurro_btl_330_ml_single","cannibal_promo",2021-11-07,0,0
"impulse_pna_glass_500_620ml_1pack","own_discount_impulse_peroni_nastro_azzurro_btl_330_ml_single","cannibal_promo",2021-10-03,0,0
"impulse_pna_glass_500_620ml_1pack","own_discount_impulse_peroni_nastro_azzurro_btl_330_ml_single","cannibal_promo",2023-08-06,-3844.56490703405,-3844.56490703405
"impulse_pna_glass_500_620ml_1pack","own_discount_impulse_peroni_nastro_azzurro_btl_330_ml_single","cannibal_promo",2021-08-29,0,0
"impulse_pna_glass_500_620ml_1pack","own_discount_impulse_peroni_nastro_azzurro_btl_330_ml_single","cannibal_promo",2023-03-19,-9472.47846136821,-9472.47846136821
"impulse_pna_glass_500_620ml_1pack","own_discount_impulse_peroni_nastro_azzurro_btl_330_ml_single","cannibal_promo",2021-10-31,-1362.79478060361,-1362.79478060361
"impulse_pna_glass_500_620ml_1pack","own_discount_impulse_peroni_nastro_azzurro_btl_330_ml_single","cannibal_promo",2021-11-28,0,0
"impulse_pna_glass_500_620ml_1pack","own_discount_impulse_peroni_nastro_azzurro_btl_330_ml_single","cannibal_promo",2021-05-16,-1922.1131080356,-1922.1131080356
"impulse_pna_glass_500_620ml_1pack","own_discount_impulse_peroni_nastro_azzurro_btl_330_ml_single","cannibal_promo",2023-03-12,-8663.79773242588,-8663.79773242588
"impulse_pna_glass_500_620ml_1pack","own_discount_impulse_peroni_nastro_azzurro_btl_330_ml_single","cannibal_promo",2021-12-26,0,0
"impulse_pna_glass_500_620ml_1pack","own_discount_impulse_peroni_nastro_azzurro_btl_330_ml_single","cannibal_promo",2023-08-20,-3454.94078290975,-3454.94078290975
"impulse_pna_glass_500_620ml_1pack","own_discount_impulse_peroni_nastro_azzurro_btl_330_ml_single","cannibal_promo",2021-09-12,0,0
"impulse_pna_glass_500_620ml_1pack","own_discount_impulse_peroni_nastro_azzurro_btl_330_ml_single","cannibal_promo",2023-04-02,-8487.48120621076,-8487.48120621076
"impulse_pna_glass_500_620ml_1pack","own_discount_impulse_peroni_nastro_azzurro_btl_330_ml_single","cannibal_promo",2021-08-08,0,0
"impulse_pna_glass_500_620ml_1pack","own_discount_impulse_peroni_nastro_azzurro_btl_330_ml_single","cannibal_promo",2021-12-12,0,0
"impulse_pna_glass_500_620ml_1pack","own_discount_impulse_peroni_nastro_azzurro_btl_330_ml_single","cannibal_promo",2021-05-30,0,0
"impulse_pna_glass_500_620ml_1pack","own_discount_impulse_peroni_nastro_azzurro_btl_330_ml_single","cannibal_promo",2021-08-01,0,0
"impulse_pna_glass_500_620ml_1pack","own_discount_impulse_peroni_nastro_azzurro_btl_330_ml_single","cannibal_promo",2021-12-05,0,0
"impulse_pna_glass_500_620ml_1pack","own_discount_impulse_peroni_nastro_azzurro_btl_330_ml_single","cannibal_promo",2021-05-23,0,0
"impulse_pna_glass_500_620ml_1pack","own_discount_impulse_peroni_nastro_azzurro_btl_330_ml_single","cannibal_promo",2021-06-20,0,0
"impulse_pna_glass_500_620ml_1pack","own_discount_impulse_peroni_nastro_azzurro_btl_330_ml_single","cannibal_promo",2023-04-16,-7863.53205778105,-7863.53205778105
"impulse_pna_glass_500_620ml_1pack","own_discount_impulse_peroni_nastro_azzurro_btl_330_ml_single","cannibal_promo",2023-08-27,-3835.12625666022,-3835.12625666022
"impulse_pna_glass_500_620ml_1pack","own_discount_impulse_peroni_nastro_azzurro_btl_330_ml_single","cannibal_promo",2021-01-10,-3805.14015785516,-3805.14015785516
"impulse_pna_glass_500_620ml_1pack","own_discount_impulse_peroni_nastro_azzurro_btl_330_ml_single","cannibal_promo",2023-04-09,-9664.56019632605,-9664.56019632605
"impulse_pna_glass_500_620ml_1pack","own_discount_impulse_peroni_nastro_azzurro_btl_330_ml_single","cannibal_promo",2021-08-15,0,0
"impulse_pna_glass_500_620ml_1pack","own_discount_impulse_peroni_nastro_azzurro_btl_330_ml_single","cannibal_promo",2021-12-19,0,0
"impulse_pna_glass_500_620ml_1pack","own_discount_impulse_peroni_nastro_azzurro_btl_330_ml_single","cannibal_promo",2023-08-13,-4649.42739691603,-4649.42739691603
"impulse_pna_glass_500_620ml_1pack","own_discount_impulse_peroni_nastro_azzurro_btl_330_ml_single","cannibal_promo",2021-09-05,0,0
"impulse_pna_glass_500_620ml_1pack","own_discount_impulse_peroni_nastro_azzurro_btl_330_ml_single","cannibal_promo",2023-03-26,-9316.12478764102,-9316.12478764102
"impulse_pna_glass_500_620ml_1pack","own_discount_impulse_peroni_nastro_azzurro_btl_330_ml_single","cannibal_promo",2022-06-19,-2052.15848917983,-2052.15848917983
"impulse_pna_glass_500_620ml_1pack","own_discount_impulse_peroni_nastro_azzurro_btl_330_ml_single","cannibal_promo",2021-06-27,0,0
"impulse_pna_glass_500_620ml_1pack","own_discount_impulse_peroni_nastro_azzurro_btl_330_ml_single","cannibal_promo",2023-04-23,-6678.23922176257,-6678.23922176257
"impulse_pna_glass_500_620ml_1pack","own_discount_impulse_peroni_nastro_azzurro_btl_330_ml_single","cannibal_promo",2022-11-20,0,0
"impulse_pna_glass_500_620ml_1pack","own_discount_impulse_peroni_nastro_azzurro_btl_330_ml_single","cannibal_promo",2022-01-02,0,0
"impulse_pna_glass_500_620ml_1pack","own_discount_impulse_peroni_nastro_azzurro_btl_330_ml_single","cannibal_promo",2022-10-16,0,0
"impulse_pna_glass_500_620ml_1pack","own_discount_impulse_peroni_nastro_azzurro_btl_330_ml_single","cannibal_promo",2021-09-19,-1416.86599625069,-1416.86599625069
"impulse_pna_glass_500_620ml_1pack","own_discount_impulse_peroni_nastro_azzurro_btl_330_ml_single","cannibal_promo",2022-08-07,-2406.49871517852,-2406.49871517852
"impulse_pna_glass_500_620ml_1pack","own_discount_impulse_peroni_nastro_azzurro_btl_330_ml_single","cannibal_promo",2022-07-03,0,0
"impulse_pna_glass_500_620ml_1pack","own_discount_impulse_peroni_nastro_azzurro_btl_330_ml_single","cannibal_promo",2021-01-03,-2441.09682310974,-2441.09682310974
"impulse_pna_glass_500_620ml_1pack","own_discount_impulse_peroni_nastro_azzurro_btl_330_ml_single","cannibal_promo",2021-06-06,-879.730156723917,-879.730156723917
"impulse_pna_glass_500_620ml_1pack","own_discount_impulse_peroni_nastro_azzurro_btl_330_ml_single","cannibal_promo",2022-10-30,0,0
"impulse_pna_glass_500_620ml_1pack","own_discount_impulse_peroni_nastro_azzurro_btl_330_ml_single","cannibal_promo",2022-07-24,0,0
"impulse_pna_glass_500_620ml_1pack","own_discount_impulse_peroni_nastro_azzurro_btl_330_ml_single","cannibal_promo",2022-09-25,0,0
"impulse_pna_glass_500_620ml_1pack","own_discount_impulse_peroni_nastro_azzurro_btl_330_ml_single","cannibal_promo",2023-07-02,-2590.43991843549,-2590.43991843549
"impulse_pna_glass_500_620ml_1pack","own_discount_impulse_peroni_nastro_azzurro_btl_330_ml_single","cannibal_promo",2022-01-09,0,0
"impulse_pna_glass_500_620ml_1pack","own_discount_impulse_peroni_nastro_azzurro_btl_330_ml_single","cannibal_promo",2023-09-03,-5210.77344472058,-5210.77344472058
"impulse_pna_glass_500_620ml_1pack","own_discount_impulse_peroni_nastro_azzurro_btl_330_ml_single","cannibal_promo",2021-01-17,-3554.83558771252,-3554.83558771252
"impulse_pna_glass_500_620ml_1pack","own_discount_impulse_peroni_nastro_azzurro_btl_330_ml_single","cannibal_promo",2023-05-21,-4552.44731107452,-4552.44731107452
"impulse_pna_glass_500_620ml_1pack","own_discount_impulse_peroni_nastro_azzurro_btl_330_ml_single","cannibal_promo",2021-08-22,0,0
"impulse_pna_glass_500_620ml_1pack","own_discount_impulse_peroni_nastro_azzurro_btl_330_ml_single","cannibal_promo",2021-07-18,0,0
"impulse_pna_glass_500_620ml_1pack","own_discount_impulse_peroni_nastro_azzurro_btl_330_ml_single","cannibal_promo",2021-06-13,0,0
"impulse_pna_glass_500_620ml_1pack","own_discount_impulse_peroni_nastro_azzurro_btl_330_ml_single","cannibal_promo",2023-01-08,-7268.30496509861,-7268.30496509861
"impulse_pna_glass_500_620ml_1pack","own_discount_impulse_peroni_nastro_azzurro_btl_330_ml_single","cannibal_promo",2023-05-07,-8173.80366256181,-8173.80366256181
"impulse_pna_glass_500_620ml_1pack","own_discount_impulse_peroni_nastro_azzurro_btl_330_ml_single","cannibal_promo",2022-06-26,0,0
"impulse_pna_glass_500_620ml_1pack","own_discount_impulse_peroni_nastro_azzurro_btl_330_ml_single","cannibal_promo",2021-07-04,0,0
"impulse_pna_glass_500_620ml_1pack","own_discount_impulse_peroni_nastro_azzurro_btl_330_ml_single","cannibal_promo",2023-04-30,-8460.16701916973,-8460.16701916973
"impulse_pna_glass_500_620ml_1pack","own_discount_impulse_peroni_nastro_azzurro_btl_330_ml_single","cannibal_promo",2022-11-27,0,0
"impulse_pna_glass_500_620ml_1pack","own_discount_impulse_peroni_nastro_azzurro_btl_330_ml_single","cannibal_promo",2021-01-24,-3280.79211487847,-3280.79211487847
"impulse_pna_glass_500_620ml_1pack","own_discount_impulse_peroni_nastro_azzurro_btl_330_ml_single","cannibal_promo",2022-10-23,0,0
"impulse_pna_glass_500_620ml_1pack","own_discount_impulse_peroni_nastro_azzurro_btl_330_ml_single","cannibal_promo",2021-09-26,0,0
"impulse_pna_glass_500_620ml_1pack","own_discount_impulse_peroni_nastro_azzurro_btl_330_ml_single","cannibal_promo",2022-08-14,0,0
"impulse_pna_glass_500_620ml_1pack","own_discount_impulse_peroni_nastro_azzurro_btl_330_ml_single","cannibal_promo",2022-07-10,0,0
"impulse_pna_glass_500_620ml_1pack","own_discount_impulse_peroni_nastro_azzurro_btl_330_ml_single","cannibal_promo",2023-01-15,-9924.97062033773,-9924.97062033773
"impulse_pna_glass_500_620ml_1pack","own_discount_impulse_peroni_nastro_azzurro_btl_330_ml_single","cannibal_promo",2023-05-14,-6143.86247446979,-6143.86247446979
"impulse_pna_glass_500_620ml_1pack","own_discount_impulse_peroni_nastro_azzurro_btl_330_ml_single","cannibal_promo",2022-11-06,0,0
"impulse_pna_glass_500_620ml_1pack","own_discount_impulse_peroni_nastro_azzurro_btl_330_ml_single","cannibal_promo",2022-07-31,-2808.64157125523,-2808.64157125523
"impulse_pna_glass_500_620ml_1pack","own_discount_impulse_peroni_nastro_azzurro_btl_330_ml_single","cannibal_promo",2022-10-02,0,0
"impulse_pna_glass_500_620ml_1pack","own_discount_impulse_peroni_nastro_azzurro_btl_330_ml_single","cannibal_promo",2023-07-09,-4685.55816996227,-4685.55816996227
"impulse_pna_glass_500_620ml_1pack","own_discount_impulse_peroni_nastro_azzurro_btl_330_ml_single","cannibal_promo",2022-01-16,0,0
"impulse_pna_glass_500_620ml_1pack","own_discount_impulse_peroni_nastro_azzurro_btl_330_ml_single","cannibal_promo",2023-09-10,0,0
"impulse_pna_glass_500_620ml_1pack","own_discount_impulse_peroni_nastro_azzurro_btl_330_ml_single","cannibal_promo",2023-01-29,-8994.51455879236,-8994.51455879236
"impulse_pna_glass_500_620ml_1pack","own_discount_impulse_peroni_nastro_azzurro_btl_330_ml_single","cannibal_promo",2023-05-28,-6124.46356603717,-6124.46356603717
"impulse_pna_glass_500_620ml_1pack","own_discount_impulse_peroni_nastro_azzurro_btl_330_ml_single","cannibal_promo",2022-05-15,0,0
"impulse_pna_glass_500_620ml_1pack","own_discount_impulse_peroni_nastro_azzurro_btl_330_ml_single","cannibal_promo",2021-02-21,-1585.28066758459,-1585.28066758459
"impulse_pna_glass_500_620ml_1pack","own_discount_impulse_peroni_nastro_azzurro_btl_330_ml_single","cannibal_promo",2022-03-06,0,0
"impulse_pna_glass_500_620ml_1pack","own_discount_impulse_peroni_nastro_azzurro_btl_330_ml_single","cannibal_promo",2022-09-11,-1975.35883821746,-1975.35883821746
"impulse_pna_glass_500_620ml_1pack","own_discount_impulse_peroni_nastro_azzurro_btl_330_ml_single","cannibal_promo",2022-01-30,0,0
"impulse_pna_glass_500_620ml_1pack","own_discount_impulse_peroni_nastro_azzurro_btl_330_ml_single","cannibal_promo",2023-09-24,0,0
"impulse_pna_glass_500_620ml_1pack","own_discount_impulse_peroni_nastro_azzurro_btl_330_ml_single","cannibal_promo",2021-07-11,0,0
"impulse_pna_glass_500_620ml_1pack","own_discount_impulse_peroni_nastro_azzurro_btl_330_ml_single","cannibal_promo",2022-12-04,0,0
"impulse_pna_glass_500_620ml_1pack","own_discount_impulse_peroni_nastro_azzurro_btl_330_ml_single","cannibal_promo",2021-04-11,0,0
"impulse_pna_glass_500_620ml_1pack","own_discount_impulse_peroni_nastro_azzurro_btl_330_ml_single","cannibal_promo",2021-01-31,0,0
"impulse_pna_glass_500_620ml_1pack","own_discount_impulse_peroni_nastro_azzurro_btl_330_ml_single","cannibal_promo",2022-03-20,0,0
"impulse_pna_glass_500_620ml_1pack","own_discount_impulse_peroni_nastro_azzurro_btl_330_ml_single","cannibal_promo",2022-08-21,0,0
"impulse_pna_glass_500_620ml_1pack","own_discount_impulse_peroni_nastro_azzurro_btl_330_ml_single","cannibal_promo",2022-02-13,0,0
"impulse_pna_glass_500_620ml_1pack","own_discount_impulse_peroni_nastro_azzurro_btl_330_ml_single","cannibal_promo",2022-07-17,0,0
"impulse_pna_glass_500_620ml_1pack","own_discount_impulse_peroni_nastro_azzurro_btl_330_ml_single","cannibal_promo",2023-01-22,-6027.94106702788,-6027.94106702788
"impulse_pna_glass_500_620ml_1pack","own_discount_impulse_peroni_nastro_azzurro_btl_330_ml_single","cannibal_promo",2022-12-18,-14121.6030130984,-14121.6030130984
"impulse_pna_glass_500_620ml_1pack","own_discount_impulse_peroni_nastro_azzurro_btl_330_ml_single","cannibal_promo",2022-11-13,0,0
"impulse_pna_glass_500_620ml_1pack","own_discount_impulse_peroni_nastro_azzurro_btl_330_ml_single","cannibal_promo",2021-02-14,-4065.14078940394,-4065.14078940394
"impulse_pna_glass_500_620ml_1pack","own_discount_impulse_peroni_nastro_azzurro_btl_330_ml_single","cannibal_promo",2022-10-09,0,0
"impulse_pna_glass_500_620ml_1pack","own_discount_impulse_peroni_nastro_azzurro_btl_330_ml_single","cannibal_promo",2023-07-16,-1981.49480916299,-1981.49480916299
"impulse_pna_glass_500_620ml_1pack","own_discount_impulse_peroni_nastro_azzurro_btl_330_ml_single","cannibal_promo",2022-01-23,0,0
"impulse_pna_glass_500_620ml_1pack","own_discount_impulse_peroni_nastro_azzurro_btl_330_ml_single","cannibal_promo",2023-09-17,-2095.87057030315,-2095.87057030315
"impulse_pna_glass_500_620ml_1pack","own_discount_impulse_peroni_nastro_azzurro_btl_330_ml_single","cannibal_promo",2023-02-05,0,0
"impulse_pna_glass_500_620ml_1pack","own_discount_impulse_peroni_nastro_azzurro_btl_330_ml_single","cannibal_promo",2023-06-04,-2728.09419267861,-2728.09419267861
"impulse_pna_glass_500_620ml_1pack","own_discount_impulse_peroni_nastro_azzurro_btl_330_ml_single","cannibal_promo",2022-05-22,0,0
"impulse_pna_glass_500_620ml_1pack","own_discount_impulse_peroni_nastro_azzurro_btl_330_ml_single","cannibal_promo",2021-02-28,-3377.7127527853,-3377.7127527853
"impulse_pna_glass_500_620ml_1pack","own_discount_impulse_peroni_nastro_azzurro_btl_330_ml_single","cannibal_promo",2022-03-13,0,0
"impulse_pna_glass_500_620ml_1pack","own_discount_impulse_peroni_nastro_azzurro_btl_330_ml_single","cannibal_promo",2022-09-18,0,0
"impulse_pna_glass_500_620ml_1pack","own_discount_impulse_peroni_nastro_azzurro_btl_330_ml_single","cannibal_promo",2022-02-06,0,0
"impulse_pna_glass_500_620ml_1pack","own_discount_impulse_peroni_nastro_azzurro_btl_330_ml_single","cannibal_promo",2023-10-01,-2495.95074531122,-2495.95074531122
"impulse_pna_glass_500_620ml_1pack","own_discount_impulse_peroni_nastro_azzurro_btl_330_ml_single","cannibal_promo",2023-07-23,0,0
"impulse_pna_glass_500_620ml_1pack","own_discount_impulse_peroni_nastro_azzurro_btl_330_ml_single","cannibal_promo",2022-12-11,-6885.07274781729,-6885.07274781729
"impulse_pna_glass_500_620ml_1pack","own_discount_impulse_peroni_nastro_azzurro_btl_330_ml_single","cannibal_promo",2021-04-18,0,0
"impulse_pna_glass_500_620ml_1pack","own_discount_impulse_peroni_nastro_azzurro_btl_330_ml_single","cannibal_promo",2021-02-07,-5931.06512570718,-5931.06512570718
"impulse_pna_glass_500_620ml_1pack","own_discount_impulse_peroni_nastro_azzurro_btl_330_ml_single","cannibal_promo",2022-03-27,-2893.44633653872,-2893.44633653872
"impulse_pna_glass_500_620ml_1pack","own_discount_impulse_peroni_nastro_azzurro_btl_330_ml_single","cannibal_promo",2022-08-28,-2456.90894114086,-2456.90894114086
"impulse_pna_glass_500_620ml_1pack","own_discount_impulse_peroni_nastro_azzurro_btl_330_ml_single","cannibal_promo",2022-02-20,-2895.75167729111,-2895.75167729111
"impulse_pna_glass_500_620ml_1pack","own_discount_impulse_peroni_nastro_azzurro_btl_330_ml_single","cannibal_promo",2023-10-15,-3847.0873876372,-3847.0873876372
"impulse_pna_glass_500_620ml_1pack","own_discount_impulse_peroni_nastro_azzurro_btl_330_ml_single","cannibal_promo",2023-12-17,-4230.65564063863,-4230.65564063863
"impulse_pna_glass_500_620ml_1pack","own_discount_impulse_peroni_nastro_azzurro_btl_330_ml_single","cannibal_promo",2022-12-25,-10199.3145781419,-10199.3145781419
"impulse_pna_glass_500_620ml_1pack","own_discount_impulse_peroni_nastro_azzurro_btl_330_ml_single","cannibal_promo",2021-05-02,-787.419462754461,-787.419462754461
"impulse_pna_glass_500_620ml_1pack","own_discount_impulse_peroni_nastro_azzurro_btl_330_ml_single","cannibal_promo",2021-03-28,0,0
"impulse_pna_glass_500_620ml_1pack","own_discount_impulse_peroni_nastro_azzurro_btl_330_ml_single","cannibal_promo",2022-04-10,0,0
"impulse_pna_glass_500_620ml_1pack","own_discount_impulse_peroni_nastro_azzurro_btl_330_ml_single","cannibal_promo",2023-12-03,0,0
"impulse_pna_glass_500_620ml_1pack","own_discount_impulse_peroni_nastro_azzurro_btl_330_ml_single","cannibal_promo",2021-03-21,-2127.99207432524,-2127.99207432524
"impulse_pna_glass_500_620ml_1pack","own_discount_impulse_peroni_nastro_azzurro_btl_330_ml_single","cannibal_promo",2023-10-29,0,0
"impulse_pna_glass_500_620ml_1pack","own_discount_impulse_peroni_nastro_azzurro_btl_330_ml_single","cannibal_promo",2022-09-04,0,0
"impulse_pna_glass_500_620ml_1pack","own_discount_impulse_peroni_nastro_azzurro_btl_330_ml_single","cannibal_promo",2023-06-11,-4592.14569776913,-4592.14569776913
"impulse_pna_glass_500_620ml_1pack","own_discount_impulse_peroni_nastro_azzurro_btl_330_ml_single","cannibal_promo",2022-05-29,-2388.82246923032,-2388.82246923032
"impulse_pna_glass_500_620ml_1pack","own_discount_impulse_peroni_nastro_azzurro_btl_330_ml_single","cannibal_promo",2021-03-07,-2504.03964729214,-2504.03964729214
"impulse_pna_glass_500_620ml_1pack","own_discount_impulse_peroni_nastro_azzurro_btl_330_ml_single","cannibal_promo",2022-04-24,0,0
"impulse_pna_glass_500_620ml_1pack","own_discount_impulse_peroni_nastro_azzurro_btl_330_ml_single","cannibal_promo",2021-05-09,0,0
"impulse_pna_glass_500_620ml_1pack","own_discount_impulse_peroni_nastro_azzurro_btl_330_ml_single","cannibal_promo",2021-04-04,-1055.6680158216,-1055.6680158216
"impulse_pna_glass_500_620ml_1pack","own_discount_impulse_peroni_nastro_azzurro_btl_330_ml_single","cannibal_promo",2023-10-08,0,0
"impulse_pna_glass_500_620ml_1pack","own_discount_impulse_peroni_nastro_azzurro_btl_330_ml_single","cannibal_promo",2023-07-30,-2035.29032210555,-2035.29032210555
"impulse_pna_glass_500_620ml_1pack","own_discount_impulse_peroni_nastro_azzurro_btl_330_ml_single","cannibal_promo",2023-06-25,0,0
"impulse_pna_glass_500_620ml_1pack","own_discount_impulse_peroni_nastro_azzurro_btl_330_ml_single","cannibal_promo",2021-04-25,0,0
"impulse_pna_glass_500_620ml_1pack","own_discount_impulse_peroni_nastro_azzurro_btl_330_ml_single","cannibal_promo",2022-06-12,-2509.23330209189,-2509.23330209189
"impulse_pna_glass_500_620ml_1pack","own_discount_impulse_peroni_nastro_azzurro_btl_330_ml_single","cannibal_promo",2022-04-03,0,0
"impulse_pna_glass_500_620ml_1pack","own_discount_impulse_peroni_nastro_azzurro_btl_330_ml_single","cannibal_promo",2022-06-05,-1787.23828288748,-1787.23828288748
"impulse_pna_glass_500_620ml_1pack","own_discount_impulse_peroni_nastro_azzurro_btl_330_ml_single","cannibal_promo",2022-02-27,-1951.32830136509,-1951.32830136509
"impulse_pna_glass_500_620ml_1pack","own_discount_impulse_peroni_nastro_azzurro_btl_330_ml_single","cannibal_promo",2023-10-22,-4445.54443559956,-4445.54443559956
"impulse_pna_glass_500_620ml_1pack","own_discount_impulse_peroni_nastro_azzurro_btl_330_ml_single","cannibal_promo",2023-12-24,-4108.2098592437,-4108.2098592437
"impulse_pna_glass_500_620ml_1pack","own_discount_impulse_peroni_nastro_azzurro_btl_330_ml_single","cannibal_promo",2023-01-01,-8334.70665218381,-8334.70665218381
"impulse_pna_glass_500_620ml_1pack","own_discount_impulse_peroni_nastro_azzurro_btl_330_ml_single","cannibal_promo",2023-11-19,0,0
"impulse_pna_glass_500_620ml_1pack","own_discount_impulse_peroni_nastro_azzurro_btl_330_ml_single","cannibal_promo",2023-11-05,-2718.39090311168,-2718.39090311168
"impulse_pna_glass_500_620ml_1pack","own_discount_impulse_peroni_nastro_azzurro_btl_330_ml_single","cannibal_promo",2022-04-17,0,0
"impulse_pna_glass_500_620ml_1pack","own_discount_impulse_peroni_nastro_azzurro_btl_330_ml_single","cannibal_promo",2023-12-10,-2219.39969073607,-2219.39969073607
"impulse_pna_glass_500_620ml_1pack","own_discount_impulse_peroni_nastro_azzurro_btl_330_ml_single","cannibal_promo",2023-11-12,0,0
"impulse_pna_glass_500_620ml_1pack","own_discount_impulse_peroni_nastro_azzurro_btl_330_ml_single","cannibal_promo",2021-03-14,-3653.55043214427,-3653.55043214427
"impulse_pna_glass_500_620ml_1pack","own_discount_impulse_peroni_nastro_azzurro_btl_330_ml_single","cannibal_promo",2022-05-01,0,0
"impulse_pna_glass_500_620ml_1pack","own_discount_impulse_peroni_nastro_azzurro_btl_330_ml_single","cannibal_promo",2023-06-18,0,0
"impulse_pna_glass_500_620ml_1pack","own_discount_impulse_peroni_nastro_azzurro_btl_330_ml_single","cannibal_promo",2022-05-08,0,0
"impulse_pna_glass_500_620ml_1pack","own_discount_impulse_peroni_nastro_azzurro_btl_330_ml_single","cannibal_promo",2023-11-26,0,0
"impulse_pna_glass_500_620ml_1pack","s_new_years_eve","seasonality",2023-02-26,0,0
"impulse_pna_glass_500_620ml_1pack","s_new_years_eve","seasonality",2023-02-12,0,0
"impulse_pna_glass_500_620ml_1pack","s_new_years_eve","seasonality",2023-02-19,0,0
"impulse_pna_glass_500_620ml_1pack","s_new_years_eve","seasonality",2021-12-12,0,0
"impulse_pna_glass_500_620ml_1pack","s_new_years_eve","seasonality",2022-07-24,0,0
"impulse_pna_glass_500_620ml_1pack","s_new_years_eve","seasonality",2023-08-06,0,0
"impulse_pna_glass_500_620ml_1pack","s_new_years_eve","seasonality",2021-12-26,-22856.5686985009,-22856.5686985009
"impulse_pna_glass_500_620ml_1pack","s_new_years_eve","seasonality",2021-08-29,0,0
"impulse_pna_glass_500_620ml_1pack","s_new_years_eve","seasonality",2023-04-23,0,0
"impulse_pna_glass_500_620ml_1pack","s_new_years_eve","seasonality",2022-01-02,0,0
"impulse_pna_glass_500_620ml_1pack","s_new_years_eve","seasonality",2023-03-05,0,0
"impulse_pna_glass_500_620ml_1pack","s_new_years_eve","seasonality",2021-05-16,0,0
"impulse_pna_glass_500_620ml_1pack","s_new_years_eve","seasonality",2022-08-07,0,0
"impulse_pna_glass_500_620ml_1pack","s_new_years_eve","seasonality",2023-08-20,0,0
"impulse_pna_glass_500_620ml_1pack","s_new_years_eve","seasonality",2021-12-19,0,0
"impulse_pna_glass_500_620ml_1pack","s_new_years_eve","seasonality",2021-09-12,0,0
"impulse_pna_glass_500_620ml_1pack","s_new_years_eve","seasonality",2023-05-07,0,0
"impulse_pna_glass_500_620ml_1pack","s_new_years_eve","seasonality",2023-04-02,0,0
"impulse_pna_glass_500_620ml_1pack","s_new_years_eve","seasonality",2022-09-25,0,0
"impulse_pna_glass_500_620ml_1pack","s_new_years_eve","seasonality",2023-05-28,0,0
"impulse_pna_glass_500_620ml_1pack","s_new_years_eve","seasonality",2022-01-09,0,0
"impulse_pna_glass_500_620ml_1pack","s_new_years_eve","seasonality",2023-09-03,0,0
"impulse_pna_glass_500_620ml_1pack","s_new_years_eve","seasonality",2023-03-19,0,0
"impulse_pna_glass_500_620ml_1pack","s_new_years_eve","seasonality",2021-07-25,0,0
"impulse_pna_glass_500_620ml_1pack","s_new_years_eve","seasonality",2023-05-21,0,0
"impulse_pna_glass_500_620ml_1pack","s_new_years_eve","seasonality",2023-04-16,0,0
"impulse_pna_glass_500_620ml_1pack","s_new_years_eve","seasonality",2023-03-12,0,0
"impulse_pna_glass_500_620ml_1pack","s_new_years_eve","seasonality",2023-06-11,0,0
"impulse_pna_glass_500_620ml_1pack","s_new_years_eve","seasonality",2022-07-31,0,0
"impulse_pna_glass_500_620ml_1pack","s_new_years_eve","seasonality",2023-08-13,0,0
"impulse_pna_glass_500_620ml_1pack","s_new_years_eve","seasonality",2023-06-04,0,0
"impulse_pna_glass_500_620ml_1pack","s_new_years_eve","seasonality",2021-09-05,0,0
"impulse_pna_glass_500_620ml_1pack","s_new_years_eve","seasonality",2023-04-30,0,0
"impulse_pna_glass_500_620ml_1pack","s_new_years_eve","seasonality",2023-03-26,0,0
"impulse_pna_glass_500_620ml_1pack","s_new_years_eve","seasonality",2021-08-01,0,0
"impulse_pna_glass_500_620ml_1pack","s_new_years_eve","seasonality",2021-05-23,0,0
"impulse_pna_glass_500_620ml_1pack","s_new_years_eve","seasonality",2022-08-14,0,0
"impulse_pna_glass_500_620ml_1pack","s_new_years_eve","seasonality",2023-08-27,0,0
"impulse_pna_glass_500_620ml_1pack","s_new_years_eve","seasonality",2023-06-18,0,0
"impulse_pna_glass_500_620ml_1pack","s_new_years_eve","seasonality",2021-09-19,0,0
"impulse_pna_glass_500_620ml_1pack","s_new_years_eve","seasonality",2023-05-14,0,0
"impulse_pna_glass_500_620ml_1pack","s_new_years_eve","seasonality",2023-04-09,0,0
"impulse_pna_glass_500_620ml_1pack","s_new_years_eve","seasonality",2022-10-02,0,0
"impulse_pna_glass_500_620ml_1pack","s_new_years_eve","seasonality",2021-06-06,0,0
"impulse_pna_glass_500_620ml_1pack","s_new_years_eve","seasonality",2022-01-16,0,0
"impulse_pna_glass_500_620ml_1pack","s_new_years_eve","seasonality",2023-09-10,0,0
"impulse_pna_glass_500_620ml_1pack","s_new_years_eve","seasonality",2023-07-02,0,0
"impulse_pna_glass_500_620ml_1pack","s_new_years_eve","seasonality",2021-10-03,0,0
"impulse_pna_glass_500_620ml_1pack","s_new_years_eve","seasonality",2021-03-28,0,0
"impulse_pna_glass_500_620ml_1pack","s_new_years_eve","seasonality",2021-02-21,0,0
"impulse_pna_glass_500_620ml_1pack","s_new_years_eve","seasonality",2022-10-16,0,0
"impulse_pna_glass_500_620ml_1pack","s_new_years_eve","seasonality",2021-06-20,0,0
"impulse_pna_glass_500_620ml_1pack","s_new_years_eve","seasonality",2022-01-30,0,0
"impulse_pna_glass_500_620ml_1pack","s_new_years_eve","seasonality",2023-09-24,0,0
"impulse_pna_glass_500_620ml_1pack","s_new_years_eve","seasonality",2023-07-16,0,0
"impulse_pna_glass_500_620ml_1pack","s_new_years_eve","seasonality",2021-10-17,0,0
"impulse_pna_glass_500_620ml_1pack","s_new_years_eve","seasonality",2021-03-07,0,0
"impulse_pna_glass_500_620ml_1pack","s_new_years_eve","seasonality",2021-01-31,0,0
"impulse_pna_glass_500_620ml_1pack","s_new_years_eve","seasonality",2021-08-08,0,0
"impulse_pna_glass_500_620ml_1pack","s_new_years_eve","seasonality",2021-05-30,0,0
"impulse_pna_glass_500_620ml_1pack","s_new_years_eve","seasonality",2022-08-21,0,0
"impulse_pna_glass_500_620ml_1pack","s_new_years_eve","seasonality",2022-07-17,0,0
"impulse_pna_glass_500_620ml_1pack","s_new_years_eve","seasonality",2023-06-25,0,0
"impulse_pna_glass_500_620ml_1pack","s_new_years_eve","seasonality",2021-09-26,0,0
"impulse_pna_glass_500_620ml_1pack","s_new_years_eve","seasonality",2021-03-21,0,0
"impulse_pna_glass_500_620ml_1pack","s_new_years_eve","seasonality",2021-02-14,0,0
"impulse_pna_glass_500_620ml_1pack","s_new_years_eve","seasonality",2022-10-09,0,0
"impulse_pna_glass_500_620ml_1pack","s_new_years_eve","seasonality",2021-06-13,0,0
"impulse_pna_glass_500_620ml_1pack","s_new_years_eve","seasonality",2022-01-23,0,0
"impulse_pna_glass_500_620ml_1pack","s_new_years_eve","seasonality",2023-09-17,0,0
"impulse_pna_glass_500_620ml_1pack","s_new_years_eve","seasonality",2023-07-09,0,0
"impulse_pna_glass_500_620ml_1pack","s_new_years_eve","seasonality",2021-10-10,0,0
"impulse_pna_glass_500_620ml_1pack","s_new_years_eve","seasonality",2021-04-04,0,0
"impulse_pna_glass_500_620ml_1pack","s_new_years_eve","seasonality",2021-02-28,0,0
"impulse_pna_glass_500_620ml_1pack","s_new_years_eve","seasonality",2022-10-23,0,0
"impulse_pna_glass_500_620ml_1pack","s_new_years_eve","seasonality",2021-06-27,0,0
"impulse_pna_glass_500_620ml_1pack","s_new_years_eve","seasonality",2022-02-06,0,0
"impulse_pna_glass_500_620ml_1pack","s_new_years_eve","seasonality",2023-10-01,0,0
"impulse_pna_glass_500_620ml_1pack","s_new_years_eve","seasonality",2023-07-23,0,0
"impulse_pna_glass_500_620ml_1pack","s_new_years_eve","seasonality",2021-10-24,0,0
"impulse_pna_glass_500_620ml_1pack","s_new_years_eve","seasonality",2021-03-14,0,0
"impulse_pna_glass_500_620ml_1pack","s_new_years_eve","seasonality",2021-02-07,0,0
"impulse_pna_glass_500_620ml_1pack","s_new_years_eve","seasonality",2021-08-15,0,0
"impulse_pna_glass_500_620ml_1pack","s_new_years_eve","seasonality",2022-08-28,0,0
"impulse_pna_glass_500_620ml_1pack","s_new_years_eve","seasonality",2021-01-03,0,0
"impulse_pna_glass_500_620ml_1pack","s_new_years_eve","seasonality",2023-10-15,0,0
"impulse_pna_glass_500_620ml_1pack","s_new_years_eve","seasonality",2021-07-04,0,0
"impulse_pna_glass_500_620ml_1pack","s_new_years_eve","seasonality",2021-11-07,0,0
"impulse_pna_glass_500_620ml_1pack","s_new_years_eve","seasonality",2021-05-02,0,0
"impulse_pna_glass_500_620ml_1pack","s_new_years_eve","seasonality",2022-12-25,-22856.5686985009,-22856.5686985009
"impulse_pna_glass_500_620ml_1pack","s_new_years_eve","seasonality",2023-12-03,0,0
"impulse_pna_glass_500_620ml_1pack","s_new_years_eve","seasonality",2022-09-11,0,0
"impulse_pna_glass_500_620ml_1pack","s_new_years_eve","seasonality",2021-01-17,0,0
"impulse_pna_glass_500_620ml_1pack","s_new_years_eve","seasonality",2023-10-29,0,0
"impulse_pna_glass_500_620ml_1pack","s_new_years_eve","seasonality",2022-09-04,0,0
"impulse_pna_glass_500_620ml_1pack","s_new_years_eve","seasonality",2021-11-21,0,0
"impulse_pna_glass_500_620ml_1pack","s_new_years_eve","seasonality",2021-04-11,0,0
"impulse_pna_glass_500_620ml_1pack","s_new_years_eve","seasonality",2022-12-04,0,0
"impulse_pna_glass_500_620ml_1pack","s_new_years_eve","seasonality",2022-10-30,0,0
"impulse_pna_glass_500_620ml_1pack","s_new_years_eve","seasonality",2021-05-09,0,0
"impulse_pna_glass_500_620ml_1pack","s_new_years_eve","seasonality",2022-02-13,0,0
"impulse_pna_glass_500_620ml_1pack","s_new_years_eve","seasonality",2023-10-08,0,0
"impulse_pna_glass_500_620ml_1pack","s_new_years_eve","seasonality",2023-07-30,0,0
"impulse_pna_glass_500_620ml_1pack","s_new_years_eve","seasonality",2021-10-31,0,0
"impulse_pna_glass_500_620ml_1pack","s_new_years_eve","seasonality",2021-04-25,0,0
"impulse_pna_glass_500_620ml_1pack","s_new_years_eve","seasonality",2022-12-18,0,0
"impulse_pna_glass_500_620ml_1pack","s_new_years_eve","seasonality",2021-08-22,0,0
"impulse_pna_glass_500_620ml_1pack","s_new_years_eve","seasonality",2021-04-18,0,0
"impulse_pna_glass_500_620ml_1pack","s_new_years_eve","seasonality",2021-01-10,0,0
"impulse_pna_glass_500_620ml_1pack","s_new_years_eve","seasonality",2023-10-22,0,0
"impulse_pna_glass_500_620ml_1pack","s_new_years_eve","seasonality",2021-07-11,0,0
"impulse_pna_glass_500_620ml_1pack","s_new_years_eve","seasonality",2021-11-14,0,0
"impulse_pna_glass_500_620ml_1pack","s_new_years_eve","seasonality",2023-11-19,0,0
"impulse_pna_glass_500_620ml_1pack","s_new_years_eve","seasonality",2023-01-01,0,0
"impulse_pna_glass_500_620ml_1pack","s_new_years_eve","seasonality",2023-12-10,0,0
"impulse_pna_glass_500_620ml_1pack","s_new_years_eve","seasonality",2022-09-18,0,0
"impulse_pna_glass_500_620ml_1pack","s_new_years_eve","seasonality",2021-01-24,0,0
"impulse_pna_glass_500_620ml_1pack","s_new_years_eve","seasonality",2023-11-05,0,0
"impulse_pna_glass_500_620ml_1pack","s_new_years_eve","seasonality",2022-04-10,0,0
"impulse_pna_glass_500_620ml_1pack","s_new_years_eve","seasonality",2021-11-28,0,0
"impulse_pna_glass_500_620ml_1pack","s_new_years_eve","seasonality",2022-11-13,0,0
"impulse_pna_glass_500_620ml_1pack","s_new_years_eve","seasonality",2022-12-11,0,0
"impulse_pna_glass_500_620ml_1pack","s_new_years_eve","seasonality",2022-11-06,0,0
"impulse_pna_glass_500_620ml_1pack","s_new_years_eve","seasonality",2023-11-26,0,0
"impulse_pna_glass_500_620ml_1pack","s_new_years_eve","seasonality",2022-02-20,0,0
"impulse_pna_glass_500_620ml_1pack","s_new_years_eve","seasonality",2023-12-17,0,0
"impulse_pna_glass_500_620ml_1pack","s_new_years_eve","seasonality",2022-04-24,0,0
"impulse_pna_glass_500_620ml_1pack","s_new_years_eve","seasonality",2022-06-19,0,0
"impulse_pna_glass_500_620ml_1pack","s_new_years_eve","seasonality",2023-11-12,0,0
"impulse_pna_glass_500_620ml_1pack","s_new_years_eve","seasonality",2023-01-29,0,0
"impulse_pna_glass_500_620ml_1pack","s_new_years_eve","seasonality",2022-11-20,0,0
"impulse_pna_glass_500_620ml_1pack","s_new_years_eve","seasonality",2022-05-15,0,0
"impulse_pna_glass_500_620ml_1pack","s_new_years_eve","seasonality",2022-03-06,0,0
"impulse_pna_glass_500_620ml_1pack","s_new_years_eve","seasonality",2022-07-10,0,0
"impulse_pna_glass_500_620ml_1pack","s_new_years_eve","seasonality",2021-07-18,0,0
"impulse_pna_glass_500_620ml_1pack","s_new_years_eve","seasonality",2022-07-03,0,0
"impulse_pna_glass_500_620ml_1pack","s_new_years_eve","seasonality",2023-12-24,0,0
"impulse_pna_glass_500_620ml_1pack","s_new_years_eve","seasonality",2023-01-08,0,0
"impulse_pna_glass_500_620ml_1pack","s_new_years_eve","seasonality",2022-06-26,0,0
"impulse_pna_glass_500_620ml_1pack","s_new_years_eve","seasonality",2022-05-29,0,0
"impulse_pna_glass_500_620ml_1pack","s_new_years_eve","seasonality",2022-03-20,0,0
"impulse_pna_glass_500_620ml_1pack","s_new_years_eve","seasonality",2022-11-27,0,0
"impulse_pna_glass_500_620ml_1pack","s_new_years_eve","seasonality",2022-04-17,0,0
"impulse_pna_glass_500_620ml_1pack","s_new_years_eve","seasonality",2021-12-05,0,0
"impulse_pna_glass_500_620ml_1pack","s_new_years_eve","seasonality",2022-02-27,0,0
"impulse_pna_glass_500_620ml_1pack","s_new_years_eve","seasonality",2022-06-12,0,0
"impulse_pna_glass_500_620ml_1pack","s_new_years_eve","seasonality",2023-01-22,0,0
"impulse_pna_glass_500_620ml_1pack","s_new_years_eve","seasonality",2022-05-08,0,0
"impulse_pna_glass_500_620ml_1pack","s_new_years_eve","seasonality",2022-03-13,0,0
"impulse_pna_glass_500_620ml_1pack","s_new_years_eve","seasonality",2022-04-03,0,0
"impulse_pna_glass_500_620ml_1pack","s_new_years_eve","seasonality",2022-05-01,0,0
"impulse_pna_glass_500_620ml_1pack","s_new_years_eve","seasonality",2022-03-27,0,0
"impulse_pna_glass_500_620ml_1pack","s_new_years_eve","seasonality",2023-02-05,0,0
"impulse_pna_glass_500_620ml_1pack","s_new_years_eve","seasonality",2022-05-22,0,0
"impulse_pna_glass_500_620ml_1pack","s_new_years_eve","seasonality",2023-01-15,0,0
"impulse_pna_glass_500_620ml_1pack","s_new_years_eve","seasonality",2022-06-05,0,0
"impulse_pna_glass_500_620ml_1pack","sub_base","sub_base",2023-12-24,-215685.888618762,-215685.888618762
"impulse_pna_glass_500_620ml_1pack","sub_base","sub_base",2021-05-02,-215685.888618762,-215685.888618762
"impulse_pna_glass_500_620ml_1pack","sub_base","sub_base",2021-05-09,-215685.888618762,-215685.888618762
"impulse_pna_glass_500_620ml_1pack","sub_base","sub_base",2021-04-25,-215685.888618762,-215685.888618762
"impulse_pna_glass_500_620ml_1pack","sub_base","sub_base",2023-07-16,-215685.888618762,-215685.888618762
"impulse_pna_glass_500_620ml_1pack","sub_base","sub_base",2023-07-23,-215685.888618762,-215685.888618762
"impulse_pna_glass_500_620ml_1pack","sub_base","sub_base",2022-08-28,-215685.888618762,-215685.888618762
"impulse_pna_glass_500_620ml_1pack","sub_base","sub_base",2023-12-03,-215685.888618762,-215685.888618762
"impulse_pna_glass_500_620ml_1pack","sub_base","sub_base",2022-10-09,-215685.888618762,-215685.888618762
"impulse_pna_glass_500_620ml_1pack","sub_base","sub_base",2023-08-06,-215685.888618762,-215685.888618762
"impulse_pna_glass_500_620ml_1pack","sub_base","sub_base",2022-06-12,-215685.888618762,-215685.888618762
"impulse_pna_glass_500_620ml_1pack","sub_base","sub_base",2022-10-16,-215685.888618762,-215685.888618762
"impulse_pna_glass_500_620ml_1pack","sub_base","sub_base",2022-06-19,-215685.888618762,-215685.888618762
"impulse_pna_glass_500_620ml_1pack","sub_base","sub_base",2021-01-17,-215685.888618762,-215685.888618762
"impulse_pna_glass_500_620ml_1pack","sub_base","sub_base",2023-08-20,-215685.888618762,-215685.888618762
"impulse_pna_glass_500_620ml_1pack","sub_base","sub_base",2023-12-17,-215685.888618762,-215685.888618762
"impulse_pna_glass_500_620ml_1pack","sub_base","sub_base",2021-11-21,-215685.888618762,-215685.888618762
"impulse_pna_glass_500_620ml_1pack","sub_base","sub_base",2021-05-16,-215685.888618762,-215685.888618762
"impulse_pna_glass_500_620ml_1pack","sub_base","sub_base",2023-12-10,-215685.888618762,-215685.888618762
"impulse_pna_glass_500_620ml_1pack","sub_base","sub_base",2023-05-07,-215685.888618762,-215685.888618762
"impulse_pna_glass_500_620ml_1pack","sub_base","sub_base",2022-07-24,-215685.888618762,-215685.888618762
"impulse_pna_glass_500_620ml_1pack","sub_base","sub_base",2021-08-08,-215685.888618762,-215685.888618762
"impulse_pna_glass_500_620ml_1pack","sub_base","sub_base",2023-09-03,-215685.888618762,-215685.888618762
"impulse_pna_glass_500_620ml_1pack","sub_base","sub_base",2022-05-15,-215685.888618762,-215685.888618762
"impulse_pna_glass_500_620ml_1pack","sub_base","sub_base",2021-12-05,-215685.888618762,-215685.888618762
"impulse_pna_glass_500_620ml_1pack","sub_base","sub_base",2023-07-30,-215685.888618762,-215685.888618762
"impulse_pna_glass_500_620ml_1pack","sub_base","sub_base",2023-06-25,-215685.888618762,-215685.888618762
"impulse_pna_glass_500_620ml_1pack","sub_base","sub_base",2023-05-21,-215685.888618762,-215685.888618762
"impulse_pna_glass_500_620ml_1pack","sub_base","sub_base",2022-08-07,-215685.888618762,-215685.888618762
"impulse_pna_glass_500_620ml_1pack","sub_base","sub_base",2021-01-10,-215685.888618762,-215685.888618762
"impulse_pna_glass_500_620ml_1pack","sub_base","sub_base",2022-09-04,-215685.888618762,-215685.888618762
"impulse_pna_glass_500_620ml_1pack","sub_base","sub_base",2023-06-11,-215685.888618762,-215685.888618762
"impulse_pna_glass_500_620ml_1pack","sub_base","sub_base",2022-06-26,-215685.888618762,-215685.888618762
"impulse_pna_glass_500_620ml_1pack","sub_base","sub_base",2023-08-13,-215685.888618762,-215685.888618762
"impulse_pna_glass_500_620ml_1pack","sub_base","sub_base",2022-05-22,-215685.888618762,-215685.888618762
"impulse_pna_glass_500_620ml_1pack","sub_base","sub_base",2022-10-23,-215685.888618762,-215685.888618762
"impulse_pna_glass_500_620ml_1pack","sub_base","sub_base",2023-01-22,-215685.888618762,-215685.888618762
"impulse_pna_glass_500_620ml_1pack","sub_base","sub_base",2021-01-24,-215685.888618762,-215685.888618762
"impulse_pna_glass_500_620ml_1pack","sub_base","sub_base",2023-08-27,-215685.888618762,-215685.888618762
"impulse_pna_glass_500_620ml_1pack","sub_base","sub_base",2022-08-14,-215685.888618762,-215685.888618762
"impulse_pna_glass_500_620ml_1pack","sub_base","sub_base",2021-11-28,-215685.888618762,-215685.888618762
"impulse_pna_glass_500_620ml_1pack","sub_base","sub_base",2021-05-23,-215685.888618762,-215685.888618762
"impulse_pna_glass_500_620ml_1pack","sub_base","sub_base",2023-06-18,-215685.888618762,-215685.888618762
"impulse_pna_glass_500_620ml_1pack","sub_base","sub_base",2023-05-14,-215685.888618762,-215685.888618762
"impulse_pna_glass_500_620ml_1pack","sub_base","sub_base",2022-07-31,-215685.888618762,-215685.888618762
"impulse_pna_glass_500_620ml_1pack","sub_base","sub_base",2021-08-15,-215685.888618762,-215685.888618762
"impulse_pna_glass_500_620ml_1pack","sub_base","sub_base",2023-09-10,-215685.888618762,-215685.888618762
"impulse_pna_glass_500_620ml_1pack","sub_base","sub_base",2023-01-29,-215685.888618762,-215685.888618762
"impulse_pna_glass_500_620ml_1pack","sub_base","sub_base",2021-12-12,-215685.888618762,-215685.888618762
"impulse_pna_glass_500_620ml_1pack","sub_base","sub_base",2021-06-06,-215685.888618762,-215685.888618762
"impulse_pna_glass_500_620ml_1pack","sub_base","sub_base",2023-07-02,-215685.888618762,-215685.888618762
"impulse_pna_glass_500_620ml_1pack","sub_base","sub_base",2023-05-28,-215685.888618762,-215685.888618762
"impulse_pna_glass_500_620ml_1pack","sub_base","sub_base",2022-03-06,-215685.888618762,-215685.888618762
"impulse_pna_glass_500_620ml_1pack","sub_base","sub_base",2021-08-29,-215685.888618762,-215685.888618762
"impulse_pna_glass_500_620ml_1pack","sub_base","sub_base",2022-09-11,-215685.888618762,-215685.888618762
"impulse_pna_glass_500_620ml_1pack","sub_base","sub_base",2023-02-12,-215685.888618762,-215685.888618762
"impulse_pna_glass_500_620ml_1pack","sub_base","sub_base",2022-07-03,-215685.888618762,-215685.888618762
"impulse_pna_glass_500_620ml_1pack","sub_base","sub_base",2021-06-20,-215685.888618762,-215685.888618762
"impulse_pna_glass_500_620ml_1pack","sub_base","sub_base",2022-05-29,-215685.888618762,-215685.888618762
"impulse_pna_glass_500_620ml_1pack","sub_base","sub_base",2022-10-30,-215685.888618762,-215685.888618762
"impulse_pna_glass_500_620ml_1pack","sub_base","sub_base",2022-03-20,-215685.888618762,-215685.888618762
"impulse_pna_glass_500_620ml_1pack","sub_base","sub_base",2021-01-31,-215685.888618762,-215685.888618762
"impulse_pna_glass_500_620ml_1pack","sub_base","sub_base",2022-09-25,-215685.888618762,-215685.888618762
"impulse_pna_glass_500_620ml_1pack","sub_base","sub_base",2022-08-21,-215685.888618762,-215685.888618762
"impulse_pna_glass_500_620ml_1pack","sub_base","sub_base",2022-07-17,-215685.888618762,-215685.888618762
"impulse_pna_glass_500_620ml_1pack","sub_base","sub_base",2021-05-30,-215685.888618762,-215685.888618762
"impulse_pna_glass_500_620ml_1pack","sub_base","sub_base",2022-12-18,-215685.888618762,-215685.888618762
"impulse_pna_glass_500_620ml_1pack","sub_base","sub_base",2022-05-08,-215685.888618762,-215685.888618762
"impulse_pna_glass_500_620ml_1pack","sub_base","sub_base",2022-04-03,-215685.888618762,-215685.888618762
"impulse_pna_glass_500_620ml_1pack","sub_base","sub_base",2021-08-22,-215685.888618762,-215685.888618762
"impulse_pna_glass_500_620ml_1pack","sub_base","sub_base",2023-09-17,-215685.888618762,-215685.888618762
"impulse_pna_glass_500_620ml_1pack","sub_base","sub_base",2023-02-05,-215685.888618762,-215685.888618762
"impulse_pna_glass_500_620ml_1pack","sub_base","sub_base",2021-12-19,-215685.888618762,-215685.888618762
"impulse_pna_glass_500_620ml_1pack","sub_base","sub_base",2021-06-13,-215685.888618762,-215685.888618762
"impulse_pna_glass_500_620ml_1pack","sub_base","sub_base",2023-07-09,-215685.888618762,-215685.888618762
"impulse_pna_glass_500_620ml_1pack","sub_base","sub_base",2023-06-04,-215685.888618762,-215685.888618762
"impulse_pna_glass_500_620ml_1pack","sub_base","sub_base",2022-03-13,-215685.888618762,-215685.888618762
"impulse_pna_glass_500_620ml_1pack","sub_base","sub_base",2021-09-05,-215685.888618762,-215685.888618762
"impulse_pna_glass_500_620ml_1pack","sub_base","sub_base",2022-09-18,-215685.888618762,-215685.888618762
"impulse_pna_glass_500_620ml_1pack","sub_base","sub_base",2023-02-19,-215685.888618762,-215685.888618762
"impulse_pna_glass_500_620ml_1pack","sub_base","sub_base",2022-07-10,-215685.888618762,-215685.888618762
"impulse_pna_glass_500_620ml_1pack","sub_base","sub_base",2021-06-27,-215685.888618762,-215685.888618762
"impulse_pna_glass_500_620ml_1pack","sub_base","sub_base",2022-06-05,-215685.888618762,-215685.888618762
"impulse_pna_glass_500_620ml_1pack","sub_base","sub_base",2022-11-06,-215685.888618762,-215685.888618762
"impulse_pna_glass_500_620ml_1pack","sub_base","sub_base",2022-03-27,-215685.888618762,-215685.888618762
"impulse_pna_glass_500_620ml_1pack","sub_base","sub_base",2021-02-07,-215685.888618762,-215685.888618762
"impulse_pna_glass_500_620ml_1pack","sub_base","sub_base",2022-10-02,-215685.888618762,-215685.888618762
"impulse_pna_glass_500_620ml_1pack","sub_base","sub_base",2021-01-03,-215685.888618762,-215685.888618762
"impulse_pna_glass_500_620ml_1pack","sub_base","sub_base",2021-07-11,-215685.888618762,-215685.888618762
"impulse_pna_glass_500_620ml_1pack","sub_base","sub_base",2023-04-02,-215685.888618762,-215685.888618762
"impulse_pna_glass_500_620ml_1pack","sub_base","sub_base",2022-12-25,-215685.888618762,-215685.888618762
"impulse_pna_glass_500_620ml_1pack","sub_base","sub_base",2022-11-20,-215685.888618762,-215685.888618762
"impulse_pna_glass_500_620ml_1pack","sub_base","sub_base",2022-04-10,-215685.888618762,-215685.888618762
"impulse_pna_glass_500_620ml_1pack","sub_base","sub_base",2023-10-29,-215685.888618762,-215685.888618762
"impulse_pna_glass_500_620ml_1pack","sub_base","sub_base",2023-09-24,-215685.888618762,-215685.888618762
"impulse_pna_glass_500_620ml_1pack","sub_base","sub_base",2022-01-30,-215685.888618762,-215685.888618762
"impulse_pna_glass_500_620ml_1pack","sub_base","sub_base",2021-12-26,-215685.888618762,-215685.888618762
"impulse_pna_glass_500_620ml_1pack","sub_base","sub_base",2023-04-16,-215685.888618762,-215685.888618762
"impulse_pna_glass_500_620ml_1pack","sub_base","sub_base",2023-01-08,-215685.888618762,-215685.888618762
"impulse_pna_glass_500_620ml_1pack","sub_base","sub_base",2022-12-04,-215685.888618762,-215685.888618762
"impulse_pna_glass_500_620ml_1pack","sub_base","sub_base",2021-10-17,-215685.888618762,-215685.888618762
"impulse_pna_glass_500_620ml_1pack","sub_base","sub_base",2021-09-12,-215685.888618762,-215685.888618762
"impulse_pna_glass_500_620ml_1pack","sub_base","sub_base",2022-11-27,-215685.888618762,-215685.888618762
"impulse_pna_glass_500_620ml_1pack","sub_base","sub_base",2023-02-26,-215685.888618762,-215685.888618762
"impulse_pna_glass_500_620ml_1pack","sub_base","sub_base",2021-07-04,-215685.888618762,-215685.888618762
"impulse_pna_glass_500_620ml_1pack","sub_base","sub_base",2023-10-01,-215685.888618762,-215685.888618762
"impulse_pna_glass_500_620ml_1pack","sub_base","sub_base",2022-02-06,-215685.888618762,-215685.888618762
"impulse_pna_glass_500_620ml_1pack","sub_base","sub_base",2022-11-13,-215685.888618762,-215685.888618762
"impulse_pna_glass_500_620ml_1pack","sub_base","sub_base",2021-03-21,-215685.888618762,-215685.888618762
"impulse_pna_glass_500_620ml_1pack","sub_base","sub_base",2021-02-14,-215685.888618762,-215685.888618762
"impulse_pna_glass_500_620ml_1pack","sub_base","sub_base",2022-12-11,-215685.888618762,-215685.888618762
"impulse_pna_glass_500_620ml_1pack","sub_base","sub_base",2023-03-12,-215685.888618762,-215685.888618762
"impulse_pna_glass_500_620ml_1pack","sub_base","sub_base",2021-07-18,-215685.888618762,-215685.888618762
"impulse_pna_glass_500_620ml_1pack","sub_base","sub_base",2023-04-09,-215685.888618762,-215685.888618762
"impulse_pna_glass_500_620ml_1pack","sub_base","sub_base",2023-01-01,-215685.888618762,-215685.888618762
"impulse_pna_glass_500_620ml_1pack","sub_base","sub_base",2022-01-16,-215685.888618762,-215685.888618762
"impulse_pna_glass_500_620ml_1pack","sub_base","sub_base",2022-04-17,-215685.888618762,-215685.888618762
"impulse_pna_glass_500_620ml_1pack","sub_base","sub_base",2023-11-05,-215685.888618762,-215685.888618762
"impulse_pna_glass_500_620ml_1pack","sub_base","sub_base",2022-01-09,-215685.888618762,-215685.888618762
"impulse_pna_glass_500_620ml_1pack","sub_base","sub_base",2021-03-28,-215685.888618762,-215685.888618762
"impulse_pna_glass_500_620ml_1pack","sub_base","sub_base",2022-01-02,-215685.888618762,-215685.888618762
"impulse_pna_glass_500_620ml_1pack","sub_base","sub_base",2023-04-23,-215685.888618762,-215685.888618762
"impulse_pna_glass_500_620ml_1pack","sub_base","sub_base",2023-01-15,-215685.888618762,-215685.888618762
"impulse_pna_glass_500_620ml_1pack","sub_base","sub_base",2021-07-25,-215685.888618762,-215685.888618762
"impulse_pna_glass_500_620ml_1pack","sub_base","sub_base",2021-10-24,-215685.888618762,-215685.888618762
"impulse_pna_glass_500_620ml_1pack","sub_base","sub_base",2021-09-19,-215685.888618762,-215685.888618762
"impulse_pna_glass_500_620ml_1pack","sub_base","sub_base",2022-01-23,-215685.888618762,-215685.888618762
"impulse_pna_glass_500_620ml_1pack","sub_base","sub_base",2023-03-05,-215685.888618762,-215685.888618762
"impulse_pna_glass_500_620ml_1pack","sub_base","sub_base",2023-11-12,-215685.888618762,-215685.888618762
"impulse_pna_glass_500_620ml_1pack","sub_base","sub_base",2023-10-08,-215685.888618762,-215685.888618762
"impulse_pna_glass_500_620ml_1pack","sub_base","sub_base",2022-02-13,-215685.888618762,-215685.888618762
"impulse_pna_glass_500_620ml_1pack","sub_base","sub_base",2021-02-28,-215685.888618762,-215685.888618762
"impulse_pna_glass_500_620ml_1pack","sub_base","sub_base",2023-04-30,-215685.888618762,-215685.888618762
"impulse_pna_glass_500_620ml_1pack","sub_base","sub_base",2021-02-21,-215685.888618762,-215685.888618762
"impulse_pna_glass_500_620ml_1pack","sub_base","sub_base",2021-08-01,-215685.888618762,-215685.888618762
"impulse_pna_glass_500_620ml_1pack","sub_base","sub_base",2023-03-19,-215685.888618762,-215685.888618762
"impulse_pna_glass_500_620ml_1pack","sub_base","sub_base",2021-09-26,-215685.888618762,-215685.888618762
"impulse_pna_glass_500_620ml_1pack","sub_base","sub_base",2023-10-22,-215685.888618762,-215685.888618762
"impulse_pna_glass_500_620ml_1pack","sub_base","sub_base",2022-02-27,-215685.888618762,-215685.888618762
"impulse_pna_glass_500_620ml_1pack","sub_base","sub_base",2023-11-19,-215685.888618762,-215685.888618762
"impulse_pna_glass_500_620ml_1pack","sub_base","sub_base",2022-04-24,-215685.888618762,-215685.888618762
"impulse_pna_glass_500_620ml_1pack","sub_base","sub_base",2022-02-20,-215685.888618762,-215685.888618762
"impulse_pna_glass_500_620ml_1pack","sub_base","sub_base",2021-03-07,-215685.888618762,-215685.888618762
"impulse_pna_glass_500_620ml_1pack","sub_base","sub_base",2021-04-04,-215685.888618762,-215685.888618762
"impulse_pna_glass_500_620ml_1pack","sub_base","sub_base",2021-11-14,-215685.888618762,-215685.888618762
"impulse_pna_glass_500_620ml_1pack","sub_base","sub_base",2021-10-10,-215685.888618762,-215685.888618762
"impulse_pna_glass_500_620ml_1pack","sub_base","sub_base",2023-03-26,-215685.888618762,-215685.888618762
"impulse_pna_glass_500_620ml_1pack","sub_base","sub_base",2021-10-03,-215685.888618762,-215685.888618762
"impulse_pna_glass_500_620ml_1pack","sub_base","sub_base",2021-10-31,-215685.888618762,-215685.888618762
"impulse_pna_glass_500_620ml_1pack","sub_base","sub_base",2023-10-15,-215685.888618762,-215685.888618762
"impulse_pna_glass_500_620ml_1pack","sub_base","sub_base",2023-11-26,-215685.888618762,-215685.888618762
"impulse_pna_glass_500_620ml_1pack","sub_base","sub_base",2022-05-01,-215685.888618762,-215685.888618762
"impulse_pna_glass_500_620ml_1pack","sub_base","sub_base",2021-04-18,-215685.888618762,-215685.888618762
"impulse_pna_glass_500_620ml_1pack","sub_base","sub_base",2021-04-11,-215685.888618762,-215685.888618762
"impulse_pna_glass_500_620ml_1pack","sub_base","sub_base",2021-11-07,-215685.888618762,-215685.888618762
"impulse_pna_glass_500_620ml_1pack","sub_base","sub_base",2021-03-14,-215685.888618762,-215685.888618762
"impulse_pna_glass_500_620ml_1pack","w_hourly_temperature_dev_dt","weather",2023-02-19,201.600413596668,201.600413596668
"impulse_pna_glass_500_620ml_1pack","w_hourly_temperature_dev_dt","weather",2021-10-03,-1013.33789800712,-1013.33789800712
"impulse_pna_glass_500_620ml_1pack","w_hourly_temperature_dev_dt","weather",2022-08-28,4390.62196446264,4390.62196446264
"impulse_pna_glass_500_620ml_1pack","w_hourly_temperature_dev_dt","weather",2022-01-02,-105.844734954511,-105.844734954511
"impulse_pna_glass_500_620ml_1pack","w_hourly_temperature_dev_dt","weather",2021-12-26,1115.94597197632,1115.94597197632
"impulse_pna_glass_500_620ml_1pack","w_hourly_temperature_dev_dt","weather",2021-10-31,-4651.42498142679,-4651.42498142679
"impulse_pna_glass_500_620ml_1pack","w_hourly_temperature_dev_dt","weather",2021-12-19,-530.667874651818,-530.667874651818
"impulse_pna_glass_500_620ml_1pack","w_hourly_temperature_dev_dt","weather",2023-02-12,514.602422672584,514.602422672584
"impulse_pna_glass_500_620ml_1pack","w_hourly_temperature_dev_dt","weather",2021-12-12,1293.18107785522,1293.18107785522
"impulse_pna_glass_500_620ml_1pack","w_hourly_temperature_dev_dt","weather",2021-10-10,-23.4285474096133,-23.4285474096133
"impulse_pna_glass_500_620ml_1pack","w_hourly_temperature_dev_dt","weather",2023-03-05,-3280.25831954705,-3280.25831954705
"impulse_pna_glass_500_620ml_1pack","w_hourly_temperature_dev_dt","weather",2023-09-10,2010.08011672204,2010.08011672204
"impulse_pna_glass_500_620ml_1pack","w_hourly_temperature_dev_dt","weather",2023-02-26,-573.730457607773,-573.730457607773
"impulse_pna_glass_500_620ml_1pack","w_hourly_temperature_dev_dt","weather",2021-08-29,1227.39070803541,1227.39070803541
"impulse_pna_glass_500_620ml_1pack","w_hourly_temperature_dev_dt","weather",2021-05-23,-7978.18315460869,-7978.18315460869
"impulse_pna_glass_500_620ml_1pack","w_hourly_temperature_dev_dt","weather",2021-02-21,898.61144924319,898.61144924319
"impulse_pna_glass_500_620ml_1pack","w_hourly_temperature_dev_dt","weather",2021-05-16,-9846.80617962787,-9846.80617962787
"impulse_pna_glass_500_620ml_1pack","w_hourly_temperature_dev_dt","weather",2021-10-24,4085.46477796291,4085.46477796291
"impulse_pna_glass_500_620ml_1pack","w_hourly_temperature_dev_dt","weather",2022-09-11,146.434181217204,146.434181217204
"impulse_pna_glass_500_620ml_1pack","w_hourly_temperature_dev_dt","weather",2021-10-17,292.152550664097,292.152550664097
"impulse_pna_glass_500_620ml_1pack","w_hourly_temperature_dev_dt","weather",2022-09-04,1964.75641163239,1964.75641163239
"impulse_pna_glass_500_620ml_1pack","w_hourly_temperature_dev_dt","weather",2021-09-12,1529.58100410997,1529.58100410997
"impulse_pna_glass_500_620ml_1pack","w_hourly_temperature_dev_dt","weather",2021-06-06,5549.40477301687,5549.40477301687
"impulse_pna_glass_500_620ml_1pack","w_hourly_temperature_dev_dt","weather",2021-01-31,-19.6681521884013,-19.6681521884013
"impulse_pna_glass_500_620ml_1pack","w_hourly_temperature_dev_dt","weather",2021-07-04,-5737.94298869003,-5737.94298869003
"impulse_pna_glass_500_620ml_1pack","w_hourly_temperature_dev_dt","weather",2021-11-07,1942.6963481863,1942.6963481863
"impulse_pna_glass_500_620ml_1pack","w_hourly_temperature_dev_dt","weather",2022-01-09,-15.3251412373741,-15.3251412373741
"impulse_pna_glass_500_620ml_1pack","w_hourly_temperature_dev_dt","weather",2022-08-21,4696.07556752755,4696.07556752755
"impulse_pna_glass_500_620ml_1pack","w_hourly_temperature_dev_dt","weather",2021-12-05,-2107.40919308378,-2107.40919308378
"impulse_pna_glass_500_620ml_1pack","w_hourly_temperature_dev_dt","weather",2021-06-20,-7971.12890015051,-7971.12890015051
"impulse_pna_glass_500_620ml_1pack","w_hourly_temperature_dev_dt","weather",2023-03-19,1413.95364689881,1413.95364689881
"impulse_pna_glass_500_620ml_1pack","w_hourly_temperature_dev_dt","weather",2021-02-14,256.022403004404,256.022403004404
"impulse_pna_glass_500_620ml_1pack","w_hourly_temperature_dev_dt","weather",2023-09-24,2138.45940552613,2138.45940552613
"impulse_pna_glass_500_620ml_1pack","w_hourly_temperature_dev_dt","weather",2021-11-21,-3784.89878869071,-3784.89878869071
"impulse_pna_glass_500_620ml_1pack","w_hourly_temperature_dev_dt","weather",2023-03-12,-984.748859643125,-984.748859643125
"impulse_pna_glass_500_620ml_1pack","w_hourly_temperature_dev_dt","weather",2023-09-17,-3900.73857627426,-3900.73857627426
"impulse_pna_glass_500_620ml_1pack","w_hourly_temperature_dev_dt","weather",2021-11-14,1751.56940185562,1751.56940185562
"impulse_pna_glass_500_620ml_1pack","w_hourly_temperature_dev_dt","weather",2021-09-05,15002.2117072691,15002.2117072691
"impulse_pna_glass_500_620ml_1pack","w_hourly_temperature_dev_dt","weather",2021-05-30,6886.08759613482,6886.08759613482
"impulse_pna_glass_500_620ml_1pack","w_hourly_temperature_dev_dt","weather",2021-02-28,-563.118968473677,-563.118968473677
"impulse_pna_glass_500_620ml_1pack","w_hourly_temperature_dev_dt","weather",2021-06-27,-2389.10137858385,-2389.10137858385
"impulse_pna_glass_500_620ml_1pack","w_hourly_temperature_dev_dt","weather",2023-03-26,-1253.05394547739,-1253.05394547739
"impulse_pna_glass_500_620ml_1pack","w_hourly_temperature_dev_dt","weather",2022-09-18,1248.87411506904,1248.87411506904
"impulse_pna_glass_500_620ml_1pack","w_hourly_temperature_dev_dt","weather",2023-10-01,2027.63840468652,2027.63840468652
"impulse_pna_glass_500_620ml_1pack","w_hourly_temperature_dev_dt","weather",2021-11-28,-2322.75452327145,-2322.75452327145
"impulse_pna_glass_500_620ml_1pack","w_hourly_temperature_dev_dt","weather",2021-09-19,5404.51880285727,5404.51880285727
"impulse_pna_glass_500_620ml_1pack","w_hourly_temperature_dev_dt","weather",2021-06-13,4070.01817540254,4070.01817540254
"impulse_pna_glass_500_620ml_1pack","w_hourly_temperature_dev_dt","weather",2021-02-07,-900.94631617994,-900.94631617994
"impulse_pna_glass_500_620ml_1pack","w_hourly_temperature_dev_dt","weather",2021-07-11,3075.39455897802,3075.39455897802
"impulse_pna_glass_500_620ml_1pack","w_hourly_temperature_dev_dt","weather",2021-01-03,-759.795648537283,-759.795648537283
"impulse_pna_glass_500_620ml_1pack","w_hourly_temperature_dev_dt","weather",2022-01-16,-2.48079924389047,-2.48079924389047
"impulse_pna_glass_500_620ml_1pack","w_hourly_temperature_dev_dt","weather",2023-10-15,-2877.07963638536,-2877.07963638536
"impulse_pna_glass_500_620ml_1pack","w_hourly_temperature_dev_dt","weather",2022-07-24,337.574529514851,337.574529514851
"impulse_pna_glass_500_620ml_1pack","w_hourly_temperature_dev_dt","weather",2023-07-02,-3262.99018896538,-3262.99018896538
"impulse_pna_glass_500_620ml_1pack","w_hourly_temperature_dev_dt","weather",2023-05-28,2160.98452762151,2160.98452762151
"impulse_pna_glass_500_620ml_1pack","w_hourly_temperature_dev_dt","weather",2021-03-28,4683.98549799093,4683.98549799093
"impulse_pna_glass_500_620ml_1pack","w_hourly_temperature_dev_dt","weather",2021-07-25,-4894.25036719793,-4894.25036719793
"impulse_pna_glass_500_620ml_1pack","w_hourly_temperature_dev_dt","weather",2021-01-17,-0.441473266479443,-0.441473266479443
"impulse_pna_glass_500_620ml_1pack","w_hourly_temperature_dev_dt","weather",2022-01-30,72.8147277361952,72.8147277361952
"impulse_pna_glass_500_620ml_1pack","w_hourly_temperature_dev_dt","weather",2023-10-29,-2561.68020653192,-2561.68020653192
"impulse_pna_glass_500_620ml_1pack","w_hourly_temperature_dev_dt","weather",2022-08-07,23449.3743541599,23449.3743541599
"impulse_pna_glass_500_620ml_1pack","w_hourly_temperature_dev_dt","weather",2023-07-16,-5824.14851042898,-5824.14851042898
"impulse_pna_glass_500_620ml_1pack","w_hourly_temperature_dev_dt","weather",2023-06-11,16358.7718844012,16358.7718844012
"impulse_pna_glass_500_620ml_1pack","w_hourly_temperature_dev_dt","weather",2021-03-07,-720.874317356226,-720.874317356226
"impulse_pna_glass_500_620ml_1pack","w_hourly_temperature_dev_dt","weather",2021-08-08,-1857.09805909562,-1857.09805909562
"impulse_pna_glass_500_620ml_1pack","w_hourly_temperature_dev_dt","weather",2023-04-02,-1130.78275305381,-1130.78275305381
"impulse_pna_glass_500_620ml_1pack","w_hourly_temperature_dev_dt","weather",2022-09-25,-7737.5828631895,-7737.5828631895
"impulse_pna_glass_500_620ml_1pack","w_hourly_temperature_dev_dt","weather",2023-10-08,4494.10491459775,4494.10491459775
"impulse_pna_glass_500_620ml_1pack","w_hourly_temperature_dev_dt","weather",2022-07-17,17252.2083732036,17252.2083732036
"impulse_pna_glass_500_620ml_1pack","w_hourly_temperature_dev_dt","weather",2021-09-26,-5163.91066097205,-5163.91066097205
"impulse_pna_glass_500_620ml_1pack","w_hourly_temperature_dev_dt","weather",2023-06-25,-369.917623953692,-369.917623953692
"impulse_pna_glass_500_620ml_1pack","w_hourly_temperature_dev_dt","weather",2021-03-21,-489.265710242169,-489.265710242169
"impulse_pna_glass_500_620ml_1pack","w_hourly_temperature_dev_dt","weather",2021-07-18,14338.8039287868,14338.8039287868
"impulse_pna_glass_500_620ml_1pack","w_hourly_temperature_dev_dt","weather",2021-01-10,-53.8851770590799,-53.8851770590799
"impulse_pna_glass_500_620ml_1pack","w_hourly_temperature_dev_dt","weather",2022-01-23,3.92051913985957,3.92051913985957
"impulse_pna_glass_500_620ml_1pack","w_hourly_temperature_dev_dt","weather",2023-10-22,-3698.73895038692,-3698.73895038692
"impulse_pna_glass_500_620ml_1pack","w_hourly_temperature_dev_dt","weather",2022-07-31,4567.34576451087,4567.34576451087
"impulse_pna_glass_500_620ml_1pack","w_hourly_temperature_dev_dt","weather",2023-07-09,-2650.20493225844,-2650.20493225844
"impulse_pna_glass_500_620ml_1pack","w_hourly_temperature_dev_dt","weather",2023-06-04,3564.41583125634,3564.41583125634
"impulse_pna_glass_500_620ml_1pack","w_hourly_temperature_dev_dt","weather",2021-04-04,-8608.02567682027,-8608.02567682027
"impulse_pna_glass_500_620ml_1pack","w_hourly_temperature_dev_dt","weather",2021-08-01,-5128.74105891334,-5128.74105891334
"impulse_pna_glass_500_620ml_1pack","w_hourly_temperature_dev_dt","weather",2021-01-24,-0.0495776821201714,-0.0495776821201714
"impulse_pna_glass_500_620ml_1pack","w_hourly_temperature_dev_dt","weather",2022-02-06,42.5597493114521,42.5597493114521
"impulse_pna_glass_500_620ml_1pack","w_hourly_temperature_dev_dt","weather",2023-11-05,-4449.83300203338,-4449.83300203338
"impulse_pna_glass_500_620ml_1pack","w_hourly_temperature_dev_dt","weather",2022-08-14,4662.16867104954,4662.16867104954
"impulse_pna_glass_500_620ml_1pack","w_hourly_temperature_dev_dt","weather",2023-07-23,-4414.86424356295,-4414.86424356295
"impulse_pna_glass_500_620ml_1pack","w_hourly_temperature_dev_dt","weather",2023-06-18,8408.46251213602,8408.46251213602
"impulse_pna_glass_500_620ml_1pack","w_hourly_temperature_dev_dt","weather",2021-03-14,626.303483344639,626.303483344639
"impulse_pna_glass_500_620ml_1pack","w_hourly_temperature_dev_dt","weather",2021-08-15,-5407.39029222817,-5407.39029222817
"impulse_pna_glass_500_620ml_1pack","w_hourly_temperature_dev_dt","weather",2023-04-09,-3929.06826938507,-3929.06826938507
"impulse_pna_glass_500_620ml_1pack","w_hourly_temperature_dev_dt","weather",2022-10-02,1532.40763567405,1532.40763567405
"impulse_pna_glass_500_620ml_1pack","w_hourly_temperature_dev_dt","weather",2023-11-19,45.8702270674235,45.8702270674235
"impulse_pna_glass_500_620ml_1pack","w_hourly_temperature_dev_dt","weather",2023-05-07,-425.547099799566,-425.547099799566
"impulse_pna_glass_500_620ml_1pack","w_hourly_temperature_dev_dt","weather",2023-08-06,-124.235242287275,-124.235242287275
"impulse_pna_glass_500_620ml_1pack","w_hourly_temperature_dev_dt","weather",2021-05-02,-12273.3796397867,-12273.3796397867
"impulse_pna_glass_500_620ml_1pack","w_hourly_temperature_dev_dt","weather",2022-06-19,5806.12893011978,5806.12893011978
"impulse_pna_glass_500_620ml_1pack","w_hourly_temperature_dev_dt","weather",2022-11-20,-991.492274029005,-991.492274029005
"impulse_pna_glass_500_620ml_1pack","w_hourly_temperature_dev_dt","weather",2023-04-23,-6861.42981007904,-6861.42981007904
"impulse_pna_glass_500_620ml_1pack","w_hourly_temperature_dev_dt","weather",2022-10-16,2386.46938740049,2386.46938740049
"impulse_pna_glass_500_620ml_1pack","w_hourly_temperature_dev_dt","weather",2023-12-03,-2602.89859566981,-2602.89859566981
"impulse_pna_glass_500_620ml_1pack","w_hourly_temperature_dev_dt","weather",2023-04-16,-1369.31409782962,-1369.31409782962
"impulse_pna_glass_500_620ml_1pack","w_hourly_temperature_dev_dt","weather",2023-08-20,2041.87788064676,2041.87788064676
"impulse_pna_glass_500_620ml_1pack","w_hourly_temperature_dev_dt","weather",2021-04-11,-5737.49378290442,-5737.49378290442
"impulse_pna_glass_500_620ml_1pack","w_hourly_temperature_dev_dt","weather",2023-01-08,167.398096105318,167.398096105318
"impulse_pna_glass_500_620ml_1pack","w_hourly_temperature_dev_dt","weather",2022-10-30,648.932342741654,648.932342741654
"impulse_pna_glass_500_620ml_1pack","w_hourly_temperature_dev_dt","weather",2021-05-09,-6976.04296984113,-6976.04296984113
"impulse_pna_glass_500_620ml_1pack","w_hourly_temperature_dev_dt","weather",2022-02-13,142.118583925649,142.118583925649
"impulse_pna_glass_500_620ml_1pack","w_hourly_temperature_dev_dt","weather",2023-11-12,-2616.93273406477,-2616.93273406477
"impulse_pna_glass_500_620ml_1pack","w_hourly_temperature_dev_dt","weather",2023-04-30,-1448.18247045819,-1448.18247045819
"impulse_pna_glass_500_620ml_1pack","w_hourly_temperature_dev_dt","weather",2023-07-30,-8442.74644888566,-8442.74644888566
"impulse_pna_glass_500_620ml_1pack","w_hourly_temperature_dev_dt","weather",2021-04-25,-8526.7583061242,-8526.7583061242
"impulse_pna_glass_500_620ml_1pack","w_hourly_temperature_dev_dt","weather",2022-06-12,7083.79445845178,7083.79445845178
"impulse_pna_glass_500_620ml_1pack","w_hourly_temperature_dev_dt","weather",2021-08-22,2499.27979468929,2499.27979468929
"impulse_pna_glass_500_620ml_1pack","w_hourly_temperature_dev_dt","weather",2021-04-18,-1800.14596463948,-1800.14596463948
"impulse_pna_glass_500_620ml_1pack","w_hourly_temperature_dev_dt","weather",2022-10-09,-1884.88893675949,-1884.88893675949
"impulse_pna_glass_500_620ml_1pack","w_hourly_temperature_dev_dt","weather",2023-11-26,-6071.98017257571,-6071.98017257571
"impulse_pna_glass_500_620ml_1pack","w_hourly_temperature_dev_dt","weather",2023-05-14,-1503.64325024425,-1503.64325024425
"impulse_pna_glass_500_620ml_1pack","w_hourly_temperature_dev_dt","weather",2023-08-13,1413.08277692947,1413.08277692947
"impulse_pna_glass_500_620ml_1pack","w_hourly_temperature_dev_dt","weather",2023-12-24,702.788932669512,702.788932669512
"impulse_pna_glass_500_620ml_1pack","w_hourly_temperature_dev_dt","weather",2022-06-26,-5155.73973119622,-5155.73973119622
"impulse_pna_glass_500_620ml_1pack","w_hourly_temperature_dev_dt","weather",2022-11-27,-1821.69496014782,-1821.69496014782
"impulse_pna_glass_500_620ml_1pack","w_hourly_temperature_dev_dt","weather",2023-12-17,1328.66196378644,1328.66196378644
"impulse_pna_glass_500_620ml_1pack","w_hourly_temperature_dev_dt","weather",2022-10-23,7727.897177296,7727.897177296
"impulse_pna_glass_500_620ml_1pack","w_hourly_temperature_dev_dt","weather",2023-12-10,-320.858860237312,-320.858860237312
"impulse_pna_glass_500_620ml_1pack","w_hourly_temperature_dev_dt","weather",2022-04-10,4170.68616871807,4170.68616871807
"impulse_pna_glass_500_620ml_1pack","w_hourly_temperature_dev_dt","weather",2023-08-27,-5070.76119711675,-5070.76119711675
"impulse_pna_glass_500_620ml_1pack","w_hourly_temperature_dev_dt","weather",2022-11-13,544.107512666959,544.107512666959
"impulse_pna_glass_500_620ml_1pack","w_hourly_temperature_dev_dt","weather",2023-01-15,-85.2725217380482,-85.2725217380482
"impulse_pna_glass_500_620ml_1pack","w_hourly_temperature_dev_dt","weather",2022-11-06,4134.02871043243,4134.02871043243
"impulse_pna_glass_500_620ml_1pack","w_hourly_temperature_dev_dt","weather",2022-12-11,-4998.06658530919,-4998.06658530919
"impulse_pna_glass_500_620ml_1pack","w_hourly_temperature_dev_dt","weather",2022-02-20,39.5765482286766,39.5765482286766
"impulse_pna_glass_500_620ml_1pack","w_hourly_temperature_dev_dt","weather",2022-12-04,-4790.94518903702,-4790.94518903702
"impulse_pna_glass_500_620ml_1pack","w_hourly_temperature_dev_dt","weather",2022-04-24,-3186.40505251565,-3186.40505251565
"impulse_pna_glass_500_620ml_1pack","w_hourly_temperature_dev_dt","weather",2022-03-20,5366.49842610274,5366.49842610274
"impulse_pna_glass_500_620ml_1pack","w_hourly_temperature_dev_dt","weather",2022-05-22,-2687.11018899518,-2687.11018899518
"impulse_pna_glass_500_620ml_1pack","w_hourly_temperature_dev_dt","weather",2023-01-29,43.4003509064001,43.4003509064001
"impulse_pna_glass_500_620ml_1pack","w_hourly_temperature_dev_dt","weather",2022-05-15,6271.22646790181,6271.22646790181
"impulse_pna_glass_500_620ml_1pack","w_hourly_temperature_dev_dt","weather",2022-12-25,563.968528036108,563.968528036108
"impulse_pna_glass_500_620ml_1pack","w_hourly_temperature_dev_dt","weather",2022-03-06,777.635855593113,777.635855593113
"impulse_pna_glass_500_620ml_1pack","w_hourly_temperature_dev_dt","weather",2022-07-03,2069.06079798993,2069.06079798993
"impulse_pna_glass_500_620ml_1pack","w_hourly_temperature_dev_dt","weather",2023-05-21,2586.29467208885,2586.29467208885
"impulse_pna_glass_500_620ml_1pack","w_hourly_temperature_dev_dt","weather",2022-02-27,-541.11161330044,-541.11161330044
"impulse_pna_glass_500_620ml_1pack","w_hourly_temperature_dev_dt","weather",2022-04-03,-3288.17046781591,-3288.17046781591
"impulse_pna_glass_500_620ml_1pack","w_hourly_temperature_dev_dt","weather",2023-01-22,-2.29505485854718,-2.29505485854718
"impulse_pna_glass_500_620ml_1pack","w_hourly_temperature_dev_dt","weather",2022-03-27,-3669.91632517433,-3669.91632517433
"impulse_pna_glass_500_620ml_1pack","w_hourly_temperature_dev_dt","weather",2022-05-29,-4948.24810958462,-4948.24810958462
"impulse_pna_glass_500_620ml_1pack","w_hourly_temperature_dev_dt","weather",2023-02-05,-6.0514698714889,-6.0514698714889
"impulse_pna_glass_500_620ml_1pack","w_hourly_temperature_dev_dt","weather",2022-05-08,1326.63227347144,1326.63227347144
"impulse_pna_glass_500_620ml_1pack","w_hourly_temperature_dev_dt","weather",2022-04-17,199.807328771387,199.807328771387
"impulse_pna_glass_500_620ml_1pack","w_hourly_temperature_dev_dt","weather",2023-09-03,21481.3998571802,21481.3998571802
"impulse_pna_glass_500_620ml_1pack","w_hourly_temperature_dev_dt","weather",2022-07-10,9861.31876064719,9861.31876064719
"impulse_pna_glass_500_620ml_1pack","w_hourly_temperature_dev_dt","weather",2022-05-01,774.317057582586,774.317057582586
"impulse_pna_glass_500_620ml_1pack","w_hourly_temperature_dev_dt","weather",2022-12-18,788.265200689173,788.265200689173
"impulse_pna_glass_500_620ml_1pack","w_hourly_temperature_dev_dt","weather",2022-03-13,1042.5390868056,1042.5390868056
"impulse_pna_glass_500_620ml_1pack","w_hourly_temperature_dev_dt","weather",2023-01-01,603.000545390698,603.000545390698
"impulse_pna_glass_500_620ml_1pack","w_hourly_temperature_dev_dt","weather",2022-06-05,-1456.62704305102,-1456.62704305102
